// MilkShape 3D ASCII

Frames: 30
Frame: 1

Meshes: 2
"default" 0 1
358
0 6.829117 -1.441481 0.687663 0.910022 0.992913 -1
0 7.147368 -1.460967 0.687663 0.929124 0.999801 -1
0 6.912106 -0.599411 0.687663 0.915005 0.695266 -1
0 6.690131 -1.422560 0.687663 0.901682 0.986225 -1
0 6.817447 -0.722680 0.687663 0.909322 0.738838 -1
0 6.602307 -1.402508 0.687663 0.896410 0.979137 -1
0 6.780430 -0.766655 0.687663 0.907101 0.754382 -1
0 6.509413 -1.371528 0.687663 0.890834 0.968186 -1
0 6.736813 -0.813628 0.687663 0.904484 0.770985 -1
0 6.733002 -0.817255 0.687663 0.904254 0.772267 -1
0 6.695278 -0.857293 0.687663 0.901991 0.786420 -1
0 6.330307 -1.264971 0.687663 0.880084 0.930522 -1
0 6.416951 -1.326613 0.687663 0.885285 0.952311 -1
0 6.664078 -0.885377 0.687663 0.900118 0.796346 -1
0 6.254976 -1.183560 0.687663 0.875563 0.901746 -1
0 6.196389 -1.079550 0.687663 0.872046 0.864981 -1
0 6.820157 -0.136995 0.687663 0.909487 0.531816 -1
0 6.193480 -1.072618 0.687663 0.871872 0.862531 -1
0 6.376792 -0.314970 0.687663 0.882876 0.594725 -1
0 6.363314 -0.309567 0.687663 0.882064 0.592815 -1
0 6.024511 0.468707 0.687663 0.861731 0.317715 -1
0 5.599259 0.041008 0.687663 0.836207 0.468898 -1
0 6.028913 0.461241 0.687663 0.861994 0.320360 -1
0 5.100173 0.481871 0.687663 0.806250 0.313065 -1
0 5.543855 0.040689 0.687663 0.832880 0.469011 -1
0 5.425969 0.482774 0.687663 0.825805 0.312748 -1
0 5.543737 -1.070743 0.687663 0.832874 0.861868 -1
0 4.749860 -0.276803 0.687663 0.785224 0.581234 -1
0 3.955904 -1.070743 0.687663 0.737571 0.861868 -1
0 4.256393 1.064774 0.687663 0.755607 0.107032 -1
0 3.955904 -0.348544 0.687663 0.737571 0.606593 -1
0 4.451964 0.869163 0.687663 0.767344 0.176165 -1
0 4.163302 0.690095 0.687663 0.750019 0.239461 -1
0 3.778643 0.440336 0.687663 0.726932 0.327744 -1
0 3.314647 -0.905068 0.687663 0.699081 0.803307 -1
0 3.611207 -1.092847 0.687663 0.716881 0.869681 -1
0 3.342861 -0.889821 0.687663 0.700776 0.797918 -1
0 3.287888 -0.918176 0.687663 0.697477 0.807940 -1
0 3.576234 -1.143526 0.687663 0.714784 0.887594 -1
0 3.234211 -0.940630 0.687663 0.694256 0.815876 -1
0 3.507665 -1.221224 0.687663 0.710668 0.915059 -1
0 3.194483 -0.953845 0.687663 0.691870 0.820548 -1
0 3.432965 -1.283821 0.687663 0.706183 0.937185 -1
0 3.157035 -0.963382 0.687663 0.689623 0.823918 -1
0 3.353470 -1.333014 0.687663 0.701413 0.954573 -1
0 3.117897 -0.970655 0.687663 0.687273 0.826490 -1
0 3.270519 -1.370325 0.687663 0.696434 0.967761 -1
0 3.074201 -0.976184 0.687663 0.684650 0.828444 -1
0 3.185406 -1.397309 0.687663 0.691324 0.977299 -1
0 3.031998 -0.979442 0.687663 0.682118 0.829595 -1
0 3.099507 -1.415558 0.687663 0.686168 0.983750 -1
0 2.910262 -0.982023 0.687663 0.674811 0.830508 -1
0 2.930341 -1.432144 0.687663 0.676016 0.989612 -1
0 2.778780 -0.977827 0.687663 0.666920 0.829025 -1
0 2.738188 -1.018088 0.687663 0.664483 0.843256 -1
0 2.325788 -1.392641 0.687663 0.639731 0.975649 -1
0 2.716576 -1.430305 0.687663 0.663186 0.988962 -1
0 2.604232 -0.793348 0.687663 0.656443 0.763817 -1
0 2.325788 -1.070001 0.687663 0.639731 0.861606 -1
0 1.900301 -0.267667 0.687663 0.614192 0.578005 -1
0 1.964352 -1.067667 0.687663 0.618037 0.860781 -1
0 2.418837 -0.787623 0.687663 0.645316 0.761793 -1
0 1.744613 -0.136437 0.687663 0.604849 0.531620 -1
0 1.864464 -1.084430 0.687663 0.612041 0.866706 -1
0 1.681898 -0.079070 0.687663 0.601084 0.511342 -1
0 1.724141 -1.096419 0.687663 0.603618 0.870943 -1
0 1.647201 -0.069113 0.687663 0.599001 0.507822 -1
0 1.548532 -0.073003 0.687663 0.593079 0.509198 -1
0 1.463497 -1.095818 0.687663 0.587974 0.870731 -1
0 1.433397 -0.096635 0.687663 0.586168 0.517551 -1
0 1.433397 -0.096718 0.687663 0.586167 0.517580 -1
0 1.503185 -0.083373 0.687663 0.590356 0.512863 -1
0 1.181633 -1.059992 0.687663 0.571056 0.858068 -1
0 1.297829 -1.083192 0.687663 0.578031 0.866268 -1
0 0.633429 -0.370989 0.687663 0.538155 0.614526 -1
0 1.116640 -1.038879 0.687663 0.567157 0.850605 -1
0 0.966847 -0.128778 0.687663 0.558165 0.528912 -1
0 1.116521 -1.074599 0.687663 0.567148 0.863231 -1
0 0.633035 -0.586507 0.687663 0.538129 0.690705 -1
0 0.147584 -1.069258 0.687663 0.508994 0.861343 -1
0 0.632053 0.427133 0.687663 0.538071 0.332412 -1
0 0.147584 -0.348791 0.687663 0.508994 0.606680 -1
0 0.632053 0.080884 0.687663 0.538071 0.454803 -1
0 0.071312 -0.386067 0.687663 0.504415 0.619856 -1
0 -0.207172 0.281576 0.687663 0.487701 0.383865 -1
0 -0.005393 -0.412838 0.687663 0.499811 0.629319 -1
0 -0.203360 0.265025 0.687663 0.487930 0.389715 -1
0 -0.081153 -0.430769 0.687663 0.495264 0.635657 -1
0 -0.277667 0.457036 0.687663 0.483468 0.321843 -1
0 -0.223480 -0.447249 0.687663 0.486723 0.641482 -1
0 -1.236899 0.039758 0.687663 0.425895 0.469340 -1
0 -0.745474 -0.449583 0.687663 0.455392 0.642307 -1
0 -0.820450 0.458058 0.687663 0.450890 0.321482 -1
0 -0.745553 -1.073042 0.687663 0.455386 0.862681 -1
0 -1.236938 -0.581559 0.687663 0.425892 0.688956 -1
0 -1.728440 -1.073042 0.687663 0.396393 0.862681 -1
0 -1.728440 1.367581 0.687663 0.396393 0.000000 -1
0 -0.307257 0.458765 0.687663 0.481693 0.321232 -1
0 -0.251457 1.365066 0.687663 0.485042 0.000888 -1
0 -0.258530 0.456997 0.687663 0.484618 0.321863 -1
0 -0.245720 0.495624 0.687663 0.485387 0.308206 -1
0 -0.027200 1.330487 0.687663 0.498501 0.013101 -1
0 -0.096164 1.346126 0.687663 0.494362 0.007575 -1
0 -0.236014 0.541638 0.687663 0.485969 0.291947 -1
0 -0.235936 0.520890 0.687663 0.485974 0.299275 -1
0 0.036183 1.311271 0.687663 0.502307 0.019901 -1
0 0.094339 1.288795 0.687663 0.505797 0.027839 -1
0 0.631463 0.496410 0.687663 0.538035 0.307927 -1
0 0.147465 1.263567 0.687663 0.508985 0.036764 -1
0 0.576607 0.461752 0.687663 0.534743 0.320175 -1
0 0.147584 1.365263 0.687663 0.508994 0.000813 -1
0 0.631699 0.880480 0.687663 0.538051 0.172170 -1
0 1.116521 1.365263 0.687663 0.567148 0.000813 -1
0 1.116521 0.854467 0.687663 0.567148 0.181372 -1
0 1.546881 -0.066991 0.687663 0.592980 0.507072 -1
0 1.447386 0.231046 0.687663 0.587009 0.401726 -1
0 1.215309 0.897730 0.687663 0.573079 0.166071 -1
0 1.163282 0.877140 0.687663 0.569957 0.173346 -1
0 1.433750 0.277748 0.687663 0.586189 0.385218 -1
0 1.273152 0.915649 0.687663 0.576550 0.159733 -1
0 1.407934 0.941937 0.687663 0.584639 0.150445 -1
0 1.610539 0.958441 0.687663 0.596800 0.144620 -1
0 1.672074 -0.069254 0.687663 0.600495 0.507873 -1
0 1.862301 0.119833 0.687663 0.611912 0.441036 -1
0 2.071509 0.940759 0.687663 0.624469 0.150870 -1
0 1.903090 0.955573 0.687663 0.614361 0.145632 -1
0 1.974647 0.223109 0.687663 0.618655 0.404531 -1
0 2.106167 0.246352 0.687663 0.626548 0.396315 -1
0 2.167428 0.923233 0.687663 0.630226 0.157058 -1
0 2.003370 0.247145 0.687663 0.620378 0.396035 -1
0 3.165012 0.923233 0.687663 0.690102 0.157058 -1
0 2.751078 0.299722 0.687663 0.665256 0.377450 -1
0 3.328165 -0.609518 0.687663 0.699893 0.698839 -1
0 3.312288 0.573586 0.687663 0.698940 0.280652 -1
0 2.967789 0.180336 0.687663 0.678263 0.419649 -1
0 3.448605 0.923233 0.687663 0.707123 0.157058 -1
0 3.930243 0.923233 0.687663 0.736030 0.157058 -1
0 3.930323 1.365263 0.687663 0.736036 0.000813 -1
0 4.240871 1.054675 0.687663 0.754674 0.110599 -1
0 4.948026 1.365263 0.687663 0.797120 0.000813 -1
0 4.451964 0.429687 0.687663 0.767345 0.331511 -1
0 4.948026 0.925630 0.687663 0.797120 0.156208 -1
0 5.384082 0.925551 0.687663 0.823290 0.156245 -1
0 5.462672 0.940562 0.687663 0.828009 0.150933 -1
0 5.528097 0.492756 0.687663 0.831934 0.309224 -1
0 5.601658 0.496685 0.687663 0.836350 0.307833 -1
0 5.575252 0.951997 0.687663 0.834765 0.146895 -1
0 5.762846 0.498335 0.687663 0.846026 0.307250 -1
0 5.776718 0.954944 0.687663 0.846858 0.145845 -1
0 5.886585 0.946653 0.687663 0.853451 0.148782 -1
0 5.829451 0.496017 0.687663 0.850022 0.308071 -1
0 6.022823 0.922329 0.687663 0.861630 0.157383 -1
0 5.922228 0.488040 0.687663 0.855592 0.310881 -1
0 6.086126 0.904214 0.687663 0.865429 0.163783 -1
0 5.949377 0.484346 0.687663 0.857221 0.312198 -1
0 6.146210 0.882209 0.687663 0.869034 0.171559 -1
0 5.980304 0.478924 0.687663 0.859077 0.314104 -1
0 6.202793 0.856274 0.687663 0.872432 0.180722 -1
0 6.008087 0.472951 0.687663 0.860745 0.316217 -1
0 6.256039 0.826488 0.687663 0.875627 0.191260 -1
0 6.034414 0.450749 0.687663 0.862325 0.324064 -1
0 6.293919 0.800436 0.687663 0.877900 0.200460 -1
0 6.041684 0.435660 0.687663 0.862761 0.329406 -1
0 6.332113 0.769904 0.687663 0.880193 0.211261 -1
0 6.369796 0.734342 0.687663 0.882455 0.223824 -1
0 6.898118 -0.152988 0.687663 0.914166 0.537470 -1
0 7.002725 -0.029079 0.687663 0.920443 0.493672 -1
0 6.467288 0.819180 0.687663 0.888305 0.193835 -1
0 6.414397 0.777527 0.687663 0.885132 0.208560 -1
0 6.835600 0.295644 0.687663 0.910414 0.378892 -1
0 6.845817 0.282633 0.687663 0.911025 0.383492 -1
0 6.529257 0.857964 0.687663 0.892026 0.180134 -1
0 6.862282 0.258958 0.687663 0.912014 0.391859 -1
0 6.601010 0.892347 0.687663 0.896333 0.167971 -1
0 6.883934 0.223836 0.687663 0.913313 0.404274 -1
0 6.683255 0.920993 0.687663 0.901269 0.157845 -1
0 6.900673 0.192950 0.687663 0.914319 0.415191 -1
0 6.776619 0.942409 0.687663 0.906872 0.150283 -1
0 6.991171 -0.001219 0.687663 0.919750 0.483824 -1
0 6.933838 0.958638 0.687663 0.916310 0.144545 -1
0 7.279202 0.964296 0.687663 0.937038 0.142545 -1
0 7.264625 0.111751 0.687663 0.936163 0.443893 -1
0 7.408837 0.183177 0.687663 0.944819 0.418646 -1
0 7.446365 0.214955 0.687663 0.947070 0.407413 -1
0 7.626061 0.937222 0.687663 0.957857 0.152120 -1
0 7.515287 0.952350 0.687663 0.951209 0.146770 -1
0 7.516349 0.269328 0.687663 0.951272 0.388194 -1
0 7.716283 0.416130 0.687663 0.963271 0.336302 -1
0 7.657182 0.931210 0.687663 0.959725 0.154233 -1
0 7.869377 0.551344 0.687663 0.972461 0.288515 -1
0 7.709563 0.954512 0.687663 0.962868 0.146007 -1
0 7.805640 0.537827 0.687663 0.968635 0.293295 -1
0 7.764143 0.973609 0.687663 0.966144 0.139257 -1
0 7.890753 0.557710 0.687663 0.973745 0.286261 -1
0 7.820689 0.988306 0.687663 0.969538 0.134057 -1
0 7.909415 0.581641 0.687663 0.974863 0.277799 -1
0 7.878845 0.998601 0.687663 0.973029 0.130419 -1
0 7.931029 0.607261 0.687663 0.976160 0.268747 -1
0 7.945959 1.004652 0.687663 0.977056 0.128281 -1
0 7.962309 0.641252 0.687663 0.978037 0.256730 -1
0 8.328225 1.004652 0.687663 1.000000 0.128281 -1
0 7.888513 0.554567 0.687663 0.973608 0.287367 -1
0 8.322095 0.117999 0.687663 0.999633 0.441685 -1
0 8.180043 0.117999 0.687663 0.991106 0.441685 -1
0 7.600441 0.111637 0.687663 0.956318 0.443933 -1
0 7.620718 0.107605 0.687663 0.957536 0.445358 -1
0 8.159374 -0.025409 0.687663 0.989866 0.492375 -1
0 8.168687 0.019081 0.687663 0.990425 0.476649 -1
0 7.605627 0.109197 0.687663 0.956630 0.444795 -1
0 8.147624 -0.066539 0.687663 0.989162 0.506913 -1
0 8.131474 -0.110958 0.687663 0.988192 0.522614 -1
0 7.639775 0.091651 0.687663 0.958679 0.450997 -1
0 8.112572 -0.151841 0.687663 0.987058 0.537064 -1
0 7.654472 0.083297 0.687663 0.959562 0.453950 -1
0 8.091315 -0.189399 0.687663 0.985780 0.550340 -1
0 6.874974 -0.378801 0.687663 0.912777 0.617288 -1
0 8.067775 -0.223739 0.687663 0.984369 0.562478 -1
0 6.972939 -0.513815 0.687663 0.918656 0.665010 -1
0 7.177782 -0.597171 0.687663 0.930951 0.694474 -1
0 8.156662 -0.309854 0.687663 0.989703 0.592917 -1
0 8.115127 -0.264574 0.687663 0.987210 0.576912 -1
0 7.757070 -0.634561 0.687663 0.965719 0.707690 -1
0 8.192498 -0.359825 0.687663 0.991855 0.610580 -1
0 7.748071 -0.641587 0.687663 0.965180 0.710174 -1
0 8.222559 -0.414430 0.687663 0.993660 0.629882 -1
0 7.754439 -0.636447 0.687663 0.965561 0.708357 -1
0 7.730940 -0.653949 0.687663 0.964151 0.714544 -1
0 8.246922 -0.473667 0.687663 0.995120 0.650820 -1
0 7.722687 -0.659238 0.687663 0.963655 0.716413 -1
0 8.265430 -0.537502 0.687663 0.996232 0.673384 -1
0 7.649716 -0.699940 0.687663 0.959277 0.730800 -1
0 8.280912 -0.634262 0.687663 0.997162 0.707585 -1
0 7.593249 -0.742924 0.687663 0.955887 0.745995 -1
0 7.610145 -0.755648 0.687663 0.956901 0.750492 -1
0 7.629478 -0.771638 0.687663 0.958061 0.756143 -1
0 7.670426 -0.801902 0.687663 0.960518 0.766841 -1
0 8.286769 -0.754187 0.687663 0.997512 0.749975 -1
0 7.686694 -0.813137 0.687663 0.961495 0.770812 -1
0 7.951660 -0.892568 0.687663 0.977399 0.798888 -1
0 8.281777 -0.866684 0.687663 0.997213 0.789739 -1
0 8.255214 -1.002417 0.687663 0.995619 0.837717 -1
0 8.266649 -0.961252 0.687663 0.996305 0.823166 -1
0 7.705711 -0.830965 0.687663 0.962637 0.777113 -1
0 7.726380 -0.846974 0.687663 0.963877 0.782773 -1
0 8.116069 -1.234380 0.687663 0.987266 0.919709 -1
0 8.196350 -1.132951 0.687663 0.992085 0.883857 -1
0 8.021134 -1.310416 0.687663 0.981569 0.946585 -1
0 7.918572 -1.364914 0.687663 0.975413 0.965849 -1
0 7.675141 -0.804901 0.687663 0.960803 0.767900 -1
0 7.815108 -1.401730 0.687663 0.969204 0.978862 -1
0 7.717775 -1.424646 0.687663 0.963361 0.986962 -1
0 7.500434 -0.708891 0.687663 0.950317 0.733965 -1
0 7.568807 -1.444133 0.687663 0.954420 0.993850 -1
0 7.581578 -0.733180 0.687663 0.955187 0.742549 -1
0 7.236490 -0.619023 0.687663 0.934474 0.702199 -1
0 7.263407 -1.461073 0.687663 0.936089 0.999838 -1
0 7.209023 -0.608940 0.687663 0.932825 0.698635 -1
0 7.208630 -1.461533 0.687663 0.932803 1.000000 -1
0 2.790923 -0.524806 0.687663 0.667648 0.668896 -1
0 2.700347 -0.340834 0.687663 0.662212 0.603868 -1
0 2.700152 -0.340870 0.687663 0.662199 0.603880 -1
0 -5.679204 -1.106321 0.687663 0.159266 0.874444 -1
0 -5.409718 -1.116931 0.687663 0.175440 0.878194 -1
0 -5.640615 -0.666205 0.687663 0.161581 0.718876 -1
0 -5.799564 -1.089912 0.687663 0.152042 0.868643 -1
0 -5.719716 -0.660845 0.687663 0.156833 0.716982 -1
0 -5.869627 -1.073325 0.687663 0.147835 0.862781 -1
0 -5.751310 -0.657163 0.687663 0.154938 0.715680 -1
0 -5.943267 -1.048782 0.687663 0.143416 0.854105 -1
0 -5.786518 -0.651454 0.687663 0.152825 0.713662 -1
0 -5.841571 -0.639437 0.687663 0.149519 0.709415 -1
0 -6.188035 -0.122416 0.687663 0.128725 0.526664 -1
0 -6.505500 -0.252876 0.687663 0.109670 0.572777 -1
0 -6.018241 -1.074103 0.687663 0.138916 0.863056 -1
0 -6.018084 -1.014477 0.687663 0.138924 0.841980 -1
0 -6.505972 -0.583398 0.687663 0.109642 0.689606 -1
0 -6.796205 -0.601796 0.687663 0.092223 0.696110 -1
0 -7.082705 -1.070142 0.687663 0.075025 0.861656 -1
0 -6.628375 -0.705304 0.687663 0.102295 0.732696 -1
0 -7.728401 0.992903 0.687663 0.036271 0.132436 -1
0 -7.356631 -0.539412 0.687663 0.058585 0.674059 -1
0 -7.559157 0.889793 0.687663 0.046428 0.168874 -1
0 -7.356827 -1.070743 0.687663 0.058572 0.861868 -1
0 -7.844675 -0.582703 0.687663 0.029292 0.689361 -1
0 -8.332720 -1.070743 0.687663 0.000000 0.861868 -1
0 -7.844400 0.876943 0.687663 0.029309 0.173422 -1
0 -8.332720 1.365263 0.687663 0.000000 0.000813 -1
0 -7.267156 1.365263 0.687663 0.063955 0.000813 -1
0 -6.994291 0.827078 0.687663 0.080332 0.191047 -1
0 -6.220807 -0.069643 0.687663 0.126758 0.508010 -1
0 -6.506404 0.116238 0.687663 0.109616 0.442306 -1
0 -6.220807 -0.070272 0.687663 0.126758 0.508232 -1
0 -6.018241 1.365263 0.687663 0.138916 0.000813 -1
0 -6.994094 1.365263 0.687663 0.080345 0.000813 -1
0 -6.506246 0.877258 0.687663 0.109624 0.173313 -1
0 -6.018241 0.866648 0.687663 0.138916 0.177059 -1
0 -5.975370 0.299899 0.687663 0.141488 0.377388 -1
0 -5.773669 0.438175 0.687663 0.153595 0.328509 -1
0 -5.882516 0.919264 0.687663 0.147062 0.158458 -1
0 -5.951165 0.896394 0.687663 0.142942 0.166546 -1
0 -5.755946 0.449138 0.687663 0.154659 0.324640 -1
0 -5.744001 0.947949 0.687663 0.155377 0.148320 -1
0 -5.678496 0.490869 0.687663 0.159307 0.309883 -1
0 -5.541002 0.516018 0.687663 0.167560 0.301000 -1
0 -5.561397 0.962685 0.687663 0.166336 0.143120 -1
0 -5.638337 0.509417 0.687663 0.161718 0.303325 -1
0 -5.242949 0.521048 0.687663 0.185450 0.299213 -1
0 -5.231987 0.966222 0.687663 0.186107 0.141857 -1
0 -5.376161 0.521402 0.687663 0.177454 0.299093 -1
0 -5.012249 0.953058 0.687663 0.199297 0.146520 -1
0 -5.057437 0.514014 0.687663 0.196584 0.301702 -1
0 -4.902458 0.936986 0.687663 0.205886 0.152195 -1
0 -4.983602 0.508041 0.687663 0.201015 0.303810 -1
0 -4.892359 0.496842 0.687663 0.206493 0.307775 -1
0 -4.843358 0.923233 0.687663 0.209433 0.157058 -1
0 -4.187446 0.362139 0.687663 0.248801 0.355392 -1
0 -3.641873 -0.074897 0.687663 0.281546 0.509867 -1
0 -2.082685 0.923233 0.687663 0.375130 0.157058 -1
0 -2.532416 -1.073042 0.687663 0.348138 0.862681 -1
0 -3.330695 -0.074893 0.687663 0.300223 0.509865 -1
0 -4.441488 -1.073042 0.687663 0.233555 0.862681 -1
0 -4.493829 -0.838993 0.687663 0.230413 0.779952 -1
0 -4.618119 0.016067 0.687663 0.222952 0.477714 -1
0 -4.850078 -0.600500 0.687663 0.209030 0.695652 -1
0 -4.613916 -0.957751 0.687663 0.223205 0.821929 -1
0 -4.550846 -0.904101 0.687663 0.226989 0.802965 -1
0 -4.860689 -0.623424 0.687663 0.208394 0.703754 -1
0 -4.882615 -0.638419 0.687663 0.207077 0.709055 -1
0 -4.682170 -1.001180 0.687663 0.219108 0.837279 -1
0 -4.866307 -0.633665 0.687663 0.208057 0.707374 -1
0 -4.914718 -0.645654 0.687663 0.205150 0.711611 -1
0 -4.754630 -1.035555 0.687663 0.214758 0.849430 -1
0 -4.946469 -0.651041 0.687663 0.203245 0.713515 -1
0 -4.830431 -1.062044 0.687663 0.210210 0.858793 -1
0 -5.056180 -0.662841 0.687663 0.196660 0.717686 -1
0 -4.987925 -1.096277 0.687663 0.200757 0.870894 -1
0 -5.188605 -0.669372 0.687663 0.188712 0.719995 -1
0 -5.162081 -1.113465 0.687663 0.190303 0.876969 -1
0 -5.347003 -0.671042 0.687663 0.179203 0.720585 -1
0 -5.343427 -1.117249 0.687663 0.179418 0.878306 -1
0 -5.399855 -0.670913 0.687663 0.176031 0.720540 -1
0 -5.444100 0.073685 0.687663 0.173377 0.457348 -1
0 -5.443275 -0.224870 0.687663 0.173426 0.562878 -1
0 -5.275132 -0.224835 0.687663 0.183517 0.562866 -1
0 -5.275093 0.000161 0.687663 0.183519 0.483337 -1
0 -4.872201 0.496685 0.687663 0.207703 0.307832 -1
0 -5.278826 0.076550 0.687663 0.183296 0.456335 -1
0 -5.443983 0.073792 0.687663 0.173383 0.457310 -1
0 5.599259 -1.069152 0.687663 0.836207 0.861306 -1
0 4.749860 0.131716 0.687663 0.785226 0.436836 -1
0 3.340661 -0.608980 0.687663 0.700645 0.698649 -1
0 3.668185 -0.994495 0.687663 0.720303 0.834917 -1
0 3.344903 -0.829397 0.687663 0.700899 0.776559 -1
0 -0.256840 0.457272 0.687663 0.484719 0.321763 -1
0 2.700820 -0.519819 0.687663 0.662240 0.667133 -1
0 -4.555680 0.195186 0.687663 0.226700 0.414401 -1
0 -5.447637 -0.114707 0.687663 0.173163 0.523939 -1
0 -5.367595 0.077965 0.687663 0.177968 0.455835 -1
3
0.000000 0.000000 1.000000
0.001000 0.000000 1.000000
-0.000800 0.000000 1.000000
537
0 0 1 2 0 0 0 1
0 3 0 4 0 0 0 1
0 5 3 6 0 0 0 1
0 7 5 8 0 0 0 1
0 9 10 7 0 0 0 1
0 11 12 13 0 0 0 1
0 14 11 13 0 0 0 1
0 9 15 10 0 0 0 1
0 16 17 9 0 0 0 1
0 18 19 17 0 0 0 1
0 20 21 22 0 0 0 1
0 23 24 25 0 0 0 1
0 26 24 27 0 0 0 1
0 28 26 27 0 0 0 1
0 29 30 31 0 0 0 1
0 32 33 30 0 0 0 1
0 34 35 36 0 0 0 1
0 37 38 34 0 0 0 1
0 39 40 37 0 0 0 1
0 41 42 39 0 0 0 1
0 43 44 41 0 0 0 1
0 45 46 43 0 0 0 1
0 47 48 45 0 0 0 1
0 49 50 47 0 0 0 1
0 51 52 49 0 0 0 1
0 53 54 52 0 0 0 1
0 55 56 54 0 0 0 1
0 57 58 54 0 0 0 1
0 59 60 61 0 0 0 1
0 62 63 59 0 0 0 1
0 64 65 62 0 0 0 1
0 66 67 68 0 0 0 1
0 69 70 71 0 0 0 1
0 72 73 70 0 0 0 1
0 74 75 76 0 0 0 1
0 77 75 78 0 0 0 1
0 79 77 78 0 0 0 1
0 80 81 82 0 0 0 1
0 83 81 84 0 0 0 1
0 85 83 86 0 0 0 1
0 87 85 86 0 0 0 1
0 88 89 84 0 0 0 1
0 90 91 92 0 0 0 1
0 93 91 94 0 0 0 1
0 95 93 94 0 0 0 1
0 92 96 90 0 0 0 1
0 97 98 92 0 0 0 1
0 88 99 100 0 0 0 1
0 101 102 103 0 0 0 1
0 104 105 103 0 0 0 1
0 106 105 104 0 0 0 1
0 107 108 109 0 0 0 1
0 110 108 111 0 0 0 1
0 112 110 111 0 0 0 1
0 82 113 80 0 0 0 1
0 114 115 71 0 0 0 1
0 116 117 118 0 0 0 1
0 119 116 118 0 0 0 1
0 114 120 115 0 0 0 1
0 66 121 114 0 0 0 1
0 122 123 121 0 0 0 1
0 124 125 126 0 0 0 1
0 127 128 129 0 0 0 1
0 130 128 131 0 0 0 1
0 132 133 134 0 0 0 1
0 135 133 33 0 0 0 1
0 32 136 33 0 0 0 1
0 137 136 138 0 0 0 1
0 31 139 29 0 0 0 1
0 140 141 31 0 0 0 1
0 25 142 23 0 0 0 1
0 143 142 144 0 0 0 1
0 145 146 144 0 0 0 1
0 147 148 145 0 0 0 1
0 149 148 150 0 0 0 1
0 151 149 152 0 0 0 1
0 153 151 154 0 0 0 1
0 155 153 156 0 0 0 1
0 157 155 158 0 0 0 1
0 22 159 20 0 0 0 1
0 160 161 22 0 0 0 1
0 162 163 160 0 0 0 1
0 18 164 19 0 0 0 1
0 165 166 16 0 0 0 1
0 167 168 169 0 0 0 1
0 170 171 169 0 0 0 1
0 172 173 170 0 0 0 1
0 174 175 172 0 0 0 1
0 176 177 174 0 0 0 1
0 178 179 176 0 0 0 1
0 180 179 181 0 0 0 1
0 182 183 180 0 0 0 1
0 184 185 186 0 0 0 1
0 187 188 186 0 0 0 1
0 189 190 191 0 0 0 1
0 192 190 193 0 0 0 1
0 194 192 195 0 0 0 1
0 196 194 197 0 0 0 1
0 198 196 199 0 0 0 1
0 200 198 199 0 0 0 1
0 201 202 193 0 0 0 1
0 191 203 189 0 0 0 1
0 204 205 187 0 0 0 1
0 206 207 205 0 0 0 1
0 208 209 205 0 0 0 1
0 210 209 211 0 0 0 1
0 212 210 213 0 0 0 1
0 214 212 213 0 0 0 1
0 215 216 213 0 0 0 1
0 217 218 216 0 0 0 1
0 219 220 221 0 0 0 1
0 222 219 221 0 0 0 1
0 223 224 225 0 0 0 1
0 226 227 223 0 0 0 1
0 228 229 226 0 0 0 1
0 230 231 228 0 0 0 1
0 232 233 230 0 0 0 1
0 234 235 236 0 0 0 1
0 237 238 239 0 0 0 1
0 240 241 238 0 0 0 1
0 242 243 238 0 0 0 1
0 244 245 243 0 0 0 1
0 242 246 243 0 0 0 1
0 235 247 248 0 0 0 1
0 234 249 235 0 0 0 1
0 232 250 233 0 0 0 1
0 251 252 253 0 0 0 1
0 254 255 251 0 0 0 1
0 256 257 254 0 0 0 1
0 218 1 256 0 0 0 1
0 64 62 123 0 0 0 1
0 57 53 258 0 0 0 1
0 134 259 132 0 0 0 1
0 129 260 127 0 0 0 1
0 261 262 263 0 0 0 1
0 264 261 265 0 0 0 1
0 266 264 267 0 0 0 1
0 268 266 269 0 0 0 1
0 270 271 272 0 0 0 1
0 273 274 275 0 0 0 1
0 276 277 278 0 0 0 1
0 279 280 281 0 0 0 1
0 282 280 283 0 0 0 1
0 284 282 283 0 0 0 1
0 285 286 283 0 0 0 1
0 281 287 279 0 0 0 1
0 278 288 276 0 0 0 1
0 289 290 291 0 0 0 1
0 292 293 294 0 0 0 1
0 290 295 294 0 0 0 1
0 296 297 295 0 0 0 1
0 298 299 300 0 0 0 1
0 301 298 302 0 0 0 1
0 303 304 305 0 0 0 1
0 306 307 308 0 0 0 1
0 309 307 310 0 0 0 1
0 311 309 312 0 0 0 1
0 313 314 312 0 0 0 1
0 315 316 317 0 0 0 1
0 318 317 319 0 0 0 1
0 320 318 316 0 0 0 1
0 315 321 316 0 0 0 1
0 322 323 321 0 0 0 1
0 324 325 326 0 0 0 1
0 327 328 329 0 0 0 1
0 330 331 327 0 0 0 1
0 332 333 330 0 0 0 1
0 334 335 332 0 0 0 1
0 336 337 334 0 0 0 1
0 338 339 336 0 0 0 1
0 262 339 340 0 0 0 1
0 291 271 341 0 0 0 1
0 270 342 271 0 0 0 1
0 329 343 327 0 0 0 1
0 344 343 322 0 0 0 1
0 345 346 322 0 0 0 1
0 313 312 346 0 0 0 1
0 305 347 303 0 0 0 1
0 296 341 297 0 0 0 1
0 1 218 2 0 0 0 1
0 217 2 218 0 0 0 1
0 2 4 0 0 0 0 1
0 4 6 3 0 0 0 1
0 6 8 5 0 0 0 1
0 8 9 7 0 0 0 1
0 12 7 10 0 0 0 1
0 10 13 12 0 0 0 1
0 10 15 13 0 0 0 1
0 14 13 15 0 0 0 1
0 9 8 16 0 0 0 1
0 15 9 17 0 0 0 1
0 8 6 16 0 0 0 1
0 6 4 16 0 0 0 1
0 16 4 215 0 0 0 1
0 165 16 215 0 0 0 1
0 4 2 215 0 0 0 1
0 217 215 2 0 0 0 1
0 16 18 17 0 0 0 1
0 348 17 19 0 0 0 1
0 22 21 160 0 0 0 1
0 160 21 162 0 0 0 1
0 162 21 19 0 0 0 1
0 348 19 21 0 0 0 1
0 25 24 144 0 0 0 1
0 24 21 144 0 0 0 1
0 144 21 145 0 0 0 1
0 145 21 147 0 0 0 1
0 147 21 150 0 0 0 1
0 150 21 152 0 0 0 1
0 152 21 154 0 0 0 1
0 154 21 156 0 0 0 1
0 156 21 158 0 0 0 1
0 20 158 21 0 0 0 1
0 27 24 349 0 0 0 1
0 23 349 24 0 0 0 1
0 31 30 140 0 0 0 1
0 140 30 349 0 0 0 1
0 349 30 27 0 0 0 1
0 28 27 30 0 0 0 1
0 32 30 138 0 0 0 1
0 33 350 30 0 0 0 1
0 29 138 30 0 0 0 1
0 30 350 351 0 0 0 1
0 352 351 350 0 0 0 1
0 35 351 36 0 0 0 1
0 352 36 351 0 0 0 1
0 35 34 38 0 0 0 1
0 38 37 40 0 0 0 1
0 40 39 42 0 0 0 1
0 42 41 44 0 0 0 1
0 44 43 46 0 0 0 1
0 46 45 48 0 0 0 1
0 48 47 50 0 0 0 1
0 50 49 52 0 0 0 1
0 51 53 52 0 0 0 1
0 56 52 54 0 0 0 1
0 53 57 54 0 0 0 1
0 55 54 58 0 0 0 1
0 60 58 61 0 0 0 1
0 57 61 58 0 0 0 1
0 60 59 63 0 0 0 1
0 63 62 65 0 0 0 1
0 66 68 122 0 0 0 1
0 71 68 67 0 0 0 1
0 122 68 64 0 0 0 1
0 65 64 68 0 0 0 1
0 71 70 68 0 0 0 1
0 73 68 70 0 0 0 1
0 76 75 70 0 0 0 1
0 69 76 70 0 0 0 1
0 72 70 75 0 0 0 1
0 74 78 75 0 0 0 1
0 82 81 74 0 0 0 1
0 76 82 74 0 0 0 1
0 74 81 78 0 0 0 1
0 79 78 81 0 0 0 1
0 84 81 109 0 0 0 1
0 109 353 84 0 0 0 1
0 80 109 81 0 0 0 1
0 99 84 353 0 0 0 1
0 84 86 83 0 0 0 1
0 99 88 84 0 0 0 1
0 84 89 86 0 0 0 1
0 87 86 89 0 0 0 1
0 92 91 97 0 0 0 1
0 91 89 97 0 0 0 1
0 88 97 89 0 0 0 1
0 90 94 91 0 0 0 1
0 96 95 90 0 0 0 1
0 94 90 95 0 0 0 1
0 96 92 98 0 0 0 1
0 88 100 97 0 0 0 1
0 353 100 99 0 0 0 1
0 100 103 97 0 0 0 1
0 97 103 98 0 0 0 1
0 102 98 103 0 0 0 1
0 100 104 103 0 0 0 1
0 101 103 105 0 0 0 1
0 109 108 104 0 0 0 1
0 104 100 109 0 0 0 1
0 106 104 108 0 0 0 1
0 353 109 100 0 0 0 1
0 107 111 108 0 0 0 1
0 80 113 107 0 0 0 1
0 109 80 107 0 0 0 1
0 107 113 111 0 0 0 1
0 112 111 113 0 0 0 1
0 67 114 71 0 0 0 1
0 71 115 69 0 0 0 1
0 69 115 76 0 0 0 1
0 76 115 82 0 0 0 1
0 82 115 113 0 0 0 1
0 117 113 115 0 0 0 1
0 115 118 117 0 0 0 1
0 115 120 118 0 0 0 1
0 119 118 120 0 0 0 1
0 67 66 114 0 0 0 1
0 120 114 121 0 0 0 1
0 66 122 121 0 0 0 1
0 125 121 123 0 0 0 1
0 123 126 125 0 0 0 1
0 128 124 129 0 0 0 1
0 126 129 124 0 0 0 1
0 127 131 128 0 0 0 1
0 134 133 131 0 0 0 1
0 130 131 133 0 0 0 1
0 33 133 350 0 0 0 1
0 132 350 133 0 0 0 1
0 135 33 136 0 0 0 1
0 32 138 136 0 0 0 1
0 139 137 29 0 0 0 1
0 138 29 137 0 0 0 1
0 139 31 141 0 0 0 1
0 142 141 23 0 0 0 1
0 141 140 23 0 0 0 1
0 349 23 140 0 0 0 1
0 25 144 142 0 0 0 1
0 143 144 146 0 0 0 1
0 146 145 148 0 0 0 1
0 147 150 148 0 0 0 1
0 150 152 149 0 0 0 1
0 152 154 151 0 0 0 1
0 154 156 153 0 0 0 1
0 156 158 155 0 0 0 1
0 159 157 20 0 0 0 1
0 158 20 157 0 0 0 1
0 159 22 161 0 0 0 1
0 161 160 163 0 0 0 1
0 19 164 162 0 0 0 1
0 163 162 164 0 0 0 1
0 166 178 16 0 0 0 1
0 178 176 16 0 0 0 1
0 16 176 18 0 0 0 1
0 176 174 18 0 0 0 1
0 174 172 18 0 0 0 1
0 172 170 18 0 0 0 1
0 170 169 18 0 0 0 1
0 18 169 164 0 0 0 1
0 168 164 169 0 0 0 1
0 167 169 171 0 0 0 1
0 171 170 173 0 0 0 1
0 173 172 175 0 0 0 1
0 175 174 177 0 0 0 1
0 177 176 179 0 0 0 1
0 179 178 181 0 0 0 1
0 166 181 178 0 0 0 1
0 181 182 180 0 0 0 1
0 185 180 183 0 0 0 1
0 183 186 185 0 0 0 1
0 184 186 188 0 0 0 1
0 190 188 191 0 0 0 1
0 187 191 188 0 0 0 1
0 193 190 201 0 0 0 1
0 189 201 190 0 0 0 1
0 193 195 192 0 0 0 1
0 195 197 194 0 0 0 1
0 197 199 196 0 0 0 1
0 193 202 195 0 0 0 1
0 195 202 197 0 0 0 1
0 197 202 199 0 0 0 1
0 200 199 202 0 0 0 1
0 189 203 201 0 0 0 1
0 202 201 203 0 0 0 1
0 187 186 204 0 0 0 1
0 187 205 203 0 0 0 1
0 186 183 204 0 0 0 1
0 182 204 183 0 0 0 1
0 191 187 203 0 0 0 1
0 207 203 205 0 0 0 1
0 204 208 205 0 0 0 1
0 206 205 209 0 0 0 1
0 208 211 209 0 0 0 1
0 211 213 210 0 0 0 1
0 213 211 215 0 0 0 1
0 214 213 216 0 0 0 1
0 211 208 215 0 0 0 1
0 208 204 215 0 0 0 1
0 215 204 165 0 0 0 1
0 165 204 166 0 0 0 1
0 166 204 181 0 0 0 1
0 182 181 204 0 0 0 1
0 215 217 216 0 0 0 1
0 218 256 216 0 0 0 1
0 256 254 216 0 0 0 1
0 216 254 225 0 0 0 1
0 220 216 225 0 0 0 1
0 225 254 223 0 0 0 1
0 223 254 226 0 0 0 1
0 226 254 228 0 0 0 1
0 228 254 230 0 0 0 1
0 254 251 230 0 0 0 1
0 253 230 251 0 0 0 1
0 225 221 220 0 0 0 1
0 225 224 221 0 0 0 1
0 222 221 224 0 0 0 1
0 224 223 227 0 0 0 1
0 227 226 229 0 0 0 1
0 229 228 231 0 0 0 1
0 253 232 230 0 0 0 1
0 233 236 230 0 0 0 1
0 231 230 236 0 0 0 1
0 233 234 236 0 0 0 1
0 235 248 236 0 0 0 1
0 239 236 248 0 0 0 1
0 248 237 239 0 0 0 1
0 241 239 238 0 0 0 1
0 237 242 238 0 0 0 1
0 243 245 238 0 0 0 1
0 240 238 245 0 0 0 1
0 244 243 246 0 0 0 1
0 248 247 237 0 0 0 1
0 237 247 242 0 0 0 1
0 246 242 247 0 0 0 1
0 247 235 249 0 0 0 1
0 233 250 234 0 0 0 1
0 249 234 250 0 0 0 1
0 253 252 232 0 0 0 1
0 250 232 252 0 0 0 1
0 252 251 255 0 0 0 1
0 255 254 257 0 0 0 1
0 257 256 1 0 0 0 1
0 122 64 123 0 0 0 1
0 62 59 123 0 0 0 1
0 123 59 260 0 0 0 1
0 123 260 126 0 0 0 1
0 260 59 354 0 0 0 1
0 129 126 260 0 0 0 1
0 61 354 59 0 0 0 1
0 258 354 57 0 0 0 1
0 53 51 258 0 0 0 1
0 61 57 354 0 0 0 1
0 51 49 258 0 0 0 1
0 49 47 258 0 0 0 1
0 47 45 258 0 0 0 1
0 45 43 258 0 0 0 1
0 43 41 258 0 0 0 1
0 41 39 258 0 0 0 1
0 39 37 258 0 0 0 1
0 37 34 258 0 0 0 1
0 36 258 34 0 0 0 1
0 259 258 132 0 0 0 1
0 132 258 352 0 0 0 1
0 350 132 352 0 0 0 1
0 36 352 258 0 0 0 1
0 127 260 131 0 0 0 1
0 260 259 131 1 1 1 1
0 134 131 259 0 0 0 1
0 340 263 262 0 0 0 1
0 263 265 261 0 0 0 1
0 265 267 264 0 0 0 1
0 267 269 266 0 0 0 1
0 272 274 270 0 0 0 1
0 291 272 271 0 0 0 1
0 274 268 270 0 0 0 1
0 269 270 268 0 0 0 1
0 272 275 274 0 0 0 1
0 277 273 278 0 0 0 1
0 275 278 273 0 0 0 1
0 281 280 276 0 0 0 1
0 277 276 280 0 0 0 1
0 283 280 285 0 0 0 1
0 279 285 280 0 0 0 1
0 284 283 286 0 0 0 1
0 287 286 279 0 0 0 1
0 285 279 286 0 0 0 1
0 276 288 281 0 0 0 1
0 287 281 288 0 0 0 1
0 291 290 272 0 0 0 1
0 272 290 288 0 0 0 1
0 272 288 275 0 0 0 1
0 290 294 288 0 0 0 1
0 278 275 288 0 0 0 1
0 293 288 294 0 0 0 1
0 292 294 295 0 0 0 1
0 295 290 296 0 0 0 1
0 299 295 297 0 0 0 1
0 289 296 290 0 0 0 1
0 297 300 299 0 0 0 1
0 300 302 298 0 0 0 1
0 304 301 305 0 0 0 1
0 302 305 301 0 0 0 1
0 307 304 308 0 0 0 1
0 303 308 304 0 0 0 1
0 306 310 307 0 0 0 1
0 310 312 309 0 0 0 1
0 311 312 314 0 0 0 1
0 317 314 315 0 0 0 1
0 319 317 316 0 0 0 1
0 315 314 345 0 0 0 1
0 355 315 345 0 0 0 1
0 313 345 314 0 0 0 1
0 319 316 318 0 0 0 1
0 320 316 321 0 0 0 1
0 321 315 322 0 0 0 1
0 325 321 323 0 0 0 1
0 355 322 315 0 0 0 1
0 323 326 325 0 0 0 1
0 328 324 329 0 0 0 1
0 326 329 324 0 0 0 1
0 328 327 331 0 0 0 1
0 331 330 333 0 0 0 1
0 333 332 335 0 0 0 1
0 335 334 337 0 0 0 1
0 337 336 339 0 0 0 1
0 338 340 339 0 0 0 1
0 291 341 289 0 0 0 1
0 356 341 271 0 0 0 1
0 296 289 341 0 0 0 1
0 356 271 342 0 0 0 1
0 327 343 330 0 0 0 1
0 330 343 332 0 0 0 1
0 332 343 334 0 0 0 1
0 334 343 336 0 0 0 1
0 336 343 338 0 0 0 1
0 343 342 338 0 0 0 1
0 338 342 340 0 0 0 1
0 340 342 263 0 0 0 1
0 263 342 265 0 0 0 1
0 265 342 267 0 0 0 1
0 267 342 269 0 0 0 1
0 270 269 342 0 0 0 1
0 322 343 323 0 0 0 1
0 323 343 326 0 0 0 1
0 329 326 343 0 0 0 1
0 355 345 322 0 0 0 1
0 344 322 346 0 0 0 1
0 345 313 346 0 0 0 1
0 312 310 346 0 0 0 1
0 310 306 346 0 0 0 1
0 306 308 346 0 0 0 1
0 357 346 308 0 0 0 1
0 303 347 308 0 0 0 1
0 357 308 347 0 0 0 1
0 341 347 297 2 2 2 1
0 297 347 300 0 0 0 1
0 300 347 302 0 0 0 1
0 305 302 347 0 0 0 1
"Back" 0 0
724
0 6.193480 -1.072618 -0.687663 0.938933 1.000000 -1
0 6.193480 -1.072618 0.687663 0.938933 0.000000 -1
0 5.599259 -1.069152 0.687663 0.927711 0.000000 -1
0 5.599259 -1.069152 -0.687663 0.927711 1.000000 -1
0 5.599259 0.041008 0.687663 0.906747 0.000000 -1
0 5.599259 0.041008 -0.687663 0.906747 1.000000 -1
0 5.543855 0.040689 0.687663 0.905700 0.000000 -1
0 5.543855 0.040689 -0.687663 0.905700 1.000000 -1
0 5.543737 -1.070743 0.687663 0.884712 0.000000 -1
0 5.543737 -1.070743 -0.687663 0.884712 1.000000 -1
0 3.955904 -1.070743 0.687663 0.854727 0.000000 -1
0 3.955904 -1.070743 -0.687663 0.854727 1.000000 -1
0 3.955904 -0.348544 0.687663 0.841089 0.000000 -1
0 3.955904 -0.348544 -0.687663 0.841089 1.000000 -1
0 2.325788 -1.392641 -0.687663 0.799141 1.000000 -1
0 2.325788 -1.392641 0.687663 0.799141 0.000000 -1
0 2.325788 -1.070001 0.687663 0.793049 0.000000 -1
0 2.325788 -1.070001 -0.687663 0.793049 1.000000 -1
0 1.116640 -1.038879 -0.687663 0.770063 1.000000 -1
0 1.116640 -1.038879 0.687663 0.770063 0.000000 -1
0 1.116521 -1.074599 0.687663 0.769389 0.000000 -1
0 1.116521 -1.074599 -0.687663 0.769389 1.000000 -1
0 0.147584 -1.069258 0.687663 0.751092 0.000000 -1
0 0.147584 -1.069258 -0.687663 0.751092 1.000000 -1
0 0.147584 -0.348791 0.687663 0.737486 0.000000 -1
0 0.147584 -0.348792 -0.687663 0.737486 1.000000 -1
0 -0.745474 -0.449583 -0.687663 0.720316 1.000000 -1
0 -0.745474 -0.449583 0.687663 0.720316 0.000000 -1
0 -0.745553 -1.073042 0.687663 0.708542 0.000000 -1
0 -0.745553 -1.073042 -0.687663 0.708542 1.000000 -1
0 -1.728440 -1.073042 0.687663 0.689982 0.000000 -1
0 -1.728440 -1.073042 -0.687663 0.689982 1.000000 -1
0 -1.728440 1.367581 0.687663 0.643893 0.000000 -1
0 -1.728440 1.367581 -0.687663 0.643893 1.000000 -1
0 0.147465 1.263567 -0.687663 0.608173 1.000000 -1
0 0.147465 1.263567 0.687663 0.608173 0.000000 -1
0 0.147584 1.365263 0.687663 0.606253 0.000000 -1
0 0.147584 1.365263 -0.687663 0.606253 1.000000 -1
0 1.116521 1.365263 0.687663 0.587956 0.000000 -1
0 1.116521 1.365263 -0.687663 0.587956 1.000000 -1
0 1.116521 0.854467 0.687663 0.578309 0.000000 -1
0 1.116521 0.854466 -0.687663 0.578309 1.000000 -1
0 3.165012 0.923233 -0.687663 0.539298 1.000000 -1
0 3.165012 0.923233 0.687663 0.539298 0.000000 -1
0 3.312288 0.573586 0.687663 0.532134 0.000000 -1
0 3.312288 0.573585 -0.687663 0.532134 1.000000 -1
0 3.448605 0.923233 0.687663 0.525046 0.000000 -1
0 3.448605 0.923233 -0.687663 0.525046 1.000000 -1
0 3.930243 0.923233 0.687663 0.515952 0.000000 -1
0 3.930243 0.923233 -0.687663 0.515952 1.000000 -1
0 3.930323 1.365263 0.687663 0.507604 0.000000 -1
0 3.930323 1.365263 -0.687663 0.507604 1.000000 -1
0 4.948026 1.365263 0.687663 0.488386 0.000000 -1
0 4.948026 1.365263 -0.687663 0.488386 1.000000 -1
0 4.948026 0.925630 0.687663 0.480084 0.000000 -1
0 4.948026 0.925629 -0.687663 0.480084 1.000000 -1
0 8.328225 1.004652 -0.687663 0.413809 1.000000 -1
0 8.328225 1.004652 0.687663 0.413809 0.000000 -1
0 8.322095 0.117999 0.687663 0.397065 0.000000 -1
0 8.322095 0.117998 -0.687663 0.397065 1.000000 -1
0 8.180043 0.117999 0.687663 0.394382 0.000000 -1
0 8.180043 0.117998 -0.687663 0.394382 1.000000 -1
0 2.700152 -0.340870 -0.687663 0.387491 1.000000 -1
0 2.700152 -0.340870 0.687663 0.387491 0.000000 -1
0 2.700820 -0.519819 0.687663 0.384112 0.000000 -1
0 2.700820 -0.519819 -0.687663 0.384112 1.000000 -1
0 2.790923 -0.524806 0.687663 0.382408 0.000000 -1
0 2.790923 -0.524806 -0.687663 0.382408 1.000000 -1
0 2.700347 -0.340834 0.687663 0.378536 0.000000 -1
0 2.700347 -0.340834 -0.687663 0.378536 1.000000 -1
0 2.700152 -0.340870 0.687663 0.378531 0.000000 -1
0 2.700152 -0.340870 -0.687663 0.378531 1.000000 -1
0 -6.018084 -1.014477 -0.687663 0.347982 1.000000 -1
0 -6.018084 -1.014477 0.687663 0.347982 0.000000 -1
0 -6.018241 -1.074103 0.687663 0.346856 0.000000 -1
0 -6.018241 -1.074103 -0.687663 0.346856 1.000000 -1
0 -7.082705 -1.070142 0.687663 0.326755 0.000000 -1
0 -7.082705 -1.070142 -0.687663 0.326755 1.000000 -1
0 -7.356631 -0.539412 0.687663 0.315477 0.000000 -1
0 -7.356631 -0.539412 -0.687663 0.315477 1.000000 -1
0 -7.356827 -1.070743 0.687663 0.305443 0.000000 -1
0 -7.356827 -1.070743 -0.687663 0.305443 1.000000 -1
0 -8.332720 -1.070743 0.687663 0.287014 0.000000 -1
0 -8.332720 -1.070743 -0.687663 0.287014 1.000000 -1
0 -8.332720 1.365263 0.687663 0.241013 0.000000 -1
0 -8.332720 1.365263 -0.687663 0.241013 1.000000 -1
0 -7.267156 1.365263 0.687663 0.220891 0.000000 -1
0 -7.267156 1.365263 -0.687663 0.220891 1.000000 -1
0 -6.994291 0.827078 0.687663 0.209496 0.000000 -1
0 -6.994291 0.827078 -0.687663 0.209496 1.000000 -1
0 -6.994094 1.365263 0.687663 0.199333 0.000000 -1
0 -6.994094 1.365263 -0.687663 0.199333 1.000000 -1
0 -6.018241 1.365263 0.687663 0.180905 0.000000 -1
0 -6.018241 1.365263 -0.687663 0.180905 1.000000 -1
0 -6.018241 0.866648 0.687663 0.171489 0.000000 -1
0 -6.018241 0.866648 -0.687663 0.171489 1.000000 -1
0 -2.082685 0.923233 -0.687663 0.096854 1.000000 -1
0 -2.082685 0.923233 0.687663 0.096854 0.000000 -1
0 -2.532416 -1.073042 0.687663 0.058212 0.000000 -1
0 -2.532416 -1.073042 -0.687663 0.058212 1.000000 -1
0 -4.441488 -1.073042 0.687663 0.022161 0.000000 -1
0 -4.441488 -1.073042 -0.687663 0.022161 1.000000 -1
0 -4.493829 -0.838993 0.687663 0.017632 0.000000 -1
0 -4.493829 -0.838993 -0.687663 0.017632 1.000000 -1
0 -5.443275 -0.224871 -0.687663 0.011992 1.000000 -1
0 -5.443275 -0.224870 0.687663 0.011992 0.000000 -1
0 -5.275132 -0.224835 0.687663 0.008817 0.000000 -1
0 -5.275132 -0.224835 -0.687663 0.008817 1.000000 -1
0 -5.443983 0.073792 -0.687663 0.000002 1.000000 -1
0 -5.443983 0.073792 0.687663 0.000002 0.000000 -1
0 -5.444100 0.073685 0.687663 0.000000 0.000000 -1
0 -5.444100 0.073685 -0.687663 0.000000 1.000000 -1
0 7.147368 -1.460967 -0.687663 0.929124 0.999801 -1
0 6.829117 -1.441481 -0.687663 0.910022 0.992913 -1
0 6.912106 -0.599411 -0.687663 0.915005 0.695266 -1
0 6.690131 -1.422560 -0.687663 0.901682 0.986225 -1
0 6.817447 -0.722680 -0.687663 0.909322 0.738838 -1
0 6.602307 -1.402508 -0.687663 0.896410 0.979137 -1
0 6.780430 -0.766655 -0.687663 0.907101 0.754382 -1
0 6.509413 -1.371528 -0.687663 0.890834 0.968186 -1
0 6.736813 -0.813628 -0.687663 0.904484 0.770985 -1
0 6.695278 -0.857293 -0.687663 0.901991 0.786420 -1
0 6.733002 -0.817255 -0.687663 0.904254 0.772267 -1
0 6.416951 -1.326613 -0.687663 0.885285 0.952311 -1
0 6.330307 -1.264971 -0.687663 0.880084 0.930522 -1
0 6.664078 -0.885377 -0.687663 0.900118 0.796346 -1
0 6.254976 -1.183560 -0.687663 0.875563 0.901746 -1
0 6.196389 -1.079550 -0.687663 0.872046 0.864981 -1
0 6.193480 -1.072618 -0.687663 0.871872 0.862531 -1
0 6.820157 -0.136995 -0.687663 0.909487 0.531816 -1
0 6.363314 -0.309567 -0.687663 0.882064 0.592815 -1
0 6.376792 -0.314970 -0.687663 0.882876 0.594725 -1
0 5.599259 0.041008 -0.687663 0.836207 0.468898 -1
0 6.024511 0.468707 -0.687663 0.861731 0.317715 -1
0 6.028913 0.461241 -0.687663 0.861994 0.320360 -1
0 5.543855 0.040689 -0.687663 0.832880 0.469011 -1
0 5.100173 0.481871 -0.687663 0.806250 0.313065 -1
0 5.425969 0.482774 -0.687663 0.825805 0.312748 -1
0 5.543737 -1.070743 -0.687663 0.832874 0.861868 -1
0 4.749860 -0.276803 -0.687663 0.785224 0.581234 -1
0 3.955904 -1.070743 -0.687663 0.737571 0.861868 -1
0 3.955904 -0.348544 -0.687663 0.737571 0.606593 -1
0 4.256393 1.064774 -0.687663 0.755607 0.107032 -1
0 4.451964 0.869163 -0.687663 0.767344 0.176165 -1
0 3.778643 0.440336 -0.687663 0.726932 0.327744 -1
0 4.163302 0.690095 -0.687663 0.750019 0.239461 -1
0 3.611207 -1.092847 -0.687663 0.716881 0.869681 -1
0 3.314647 -0.905068 -0.687663 0.699081 0.803307 -1
0 3.342861 -0.889821 -0.687663 0.700776 0.797918 -1
0 3.576234 -1.143526 -0.687663 0.714784 0.887594 -1
0 3.287888 -0.918177 -0.687663 0.697477 0.807940 -1
0 3.507665 -1.221224 -0.687663 0.710668 0.915059 -1
0 3.234211 -0.940630 -0.687663 0.694256 0.815876 -1
0 3.432965 -1.283821 -0.687663 0.706183 0.937185 -1
0 3.194483 -0.953845 -0.687663 0.691870 0.820548 -1
0 3.353470 -1.333014 -0.687663 0.701413 0.954573 -1
0 3.157035 -0.963382 -0.687663 0.689623 0.823918 -1
0 3.270519 -1.370325 -0.687663 0.696434 0.967761 -1
0 3.117897 -0.970655 -0.687663 0.687273 0.826490 -1
0 3.185406 -1.397309 -0.687663 0.691324 0.977299 -1
0 3.074201 -0.976184 -0.687663 0.684650 0.828444 -1
0 3.099507 -1.415558 -0.687663 0.686168 0.983750 -1
0 3.031998 -0.979442 -0.687663 0.682118 0.829595 -1
0 2.930341 -1.432144 -0.687663 0.676016 0.989612 -1
0 2.910262 -0.982023 -0.687663 0.674811 0.830508 -1
0 2.738188 -1.018088 -0.687663 0.664483 0.843256 -1
0 2.778780 -0.977827 -0.687663 0.666920 0.829025 -1
0 2.716576 -1.430305 -0.687663 0.663186 0.988962 -1
0 2.325788 -1.392641 -0.687663 0.639731 0.975649 -1
0 2.325788 -1.070001 -0.687663 0.639731 0.861606 -1
0 2.604232 -0.793348 -0.687663 0.656443 0.763817 -1
0 1.964352 -1.067667 -0.687663 0.618037 0.860781 -1
0 1.900301 -0.267667 -0.687663 0.614192 0.578005 -1
0 2.418837 -0.787623 -0.687663 0.645316 0.761793 -1
0 1.864464 -1.084430 -0.687663 0.612041 0.866706 -1
0 1.744613 -0.136437 -0.687663 0.604849 0.531620 -1
0 1.724141 -1.096419 -0.687663 0.603618 0.870943 -1
0 1.681898 -0.079070 -0.687663 0.601084 0.511342 -1
0 1.548532 -0.073003 -0.687663 0.593079 0.509198 -1
0 1.647201 -0.069113 -0.687663 0.599001 0.507822 -1
0 1.463497 -1.095818 -0.687663 0.587974 0.870731 -1
0 1.433397 -0.096718 -0.687663 0.586167 0.517580 -1
0 1.433397 -0.096635 -0.687663 0.586168 0.517551 -1
0 1.503185 -0.083373 -0.687663 0.590356 0.512863 -1
0 1.297829 -1.083192 -0.687663 0.578031 0.866268 -1
0 1.181633 -1.059992 -0.687663 0.571056 0.858068 -1
0 1.116640 -1.038879 -0.687663 0.567157 0.850605 -1
0 0.633429 -0.370989 -0.687663 0.538155 0.614526 -1
0 0.966847 -0.128779 -0.687663 0.558165 0.528912 -1
0 1.116521 -1.074599 -0.687663 0.567148 0.863231 -1
0 0.633035 -0.586507 -0.687663 0.538129 0.690705 -1
0 0.147584 -1.069258 -0.687663 0.508994 0.861343 -1
0 0.147584 -0.348792 -0.687663 0.508994 0.606680 -1
0 0.632053 0.427133 -0.687663 0.538071 0.332412 -1
0 0.632053 0.080884 -0.687663 0.538071 0.454803 -1
0 0.071312 -0.386067 -0.687663 0.504415 0.619856 -1
0 -0.207172 0.281576 -0.687663 0.487701 0.383865 -1
0 -0.005393 -0.412838 -0.687663 0.499811 0.629319 -1
0 -0.203360 0.265025 -0.687663 0.487930 0.389715 -1
0 -0.081153 -0.430769 -0.687663 0.495264 0.635657 -1
0 -0.223480 -0.447249 -0.687663 0.486723 0.641482 -1
0 -0.277667 0.457036 -0.687663 0.483468 0.321843 -1
0 -0.745474 -0.449583 -0.687663 0.455392 0.642307 -1
0 -1.236899 0.039758 -0.687663 0.425895 0.469340 -1
0 -0.820450 0.458058 -0.687663 0.450890 0.321482 -1
0 -0.745553 -1.073042 -0.687663 0.455386 0.862681 -1
0 -1.236938 -0.581560 -0.687663 0.425892 0.688956 -1
0 -1.728440 -1.073042 -0.687663 0.396393 0.862681 -1
0 -1.728440 1.367581 -0.687663 0.396393 0.000000 -1
0 -0.251457 1.365066 -0.687663 0.485042 0.000888 -1
0 -0.307257 0.458765 -0.687663 0.481693 0.321232 -1
0 -0.258530 0.456997 -0.687663 0.484618 0.321863 -1
0 -0.245720 0.495624 -0.687663 0.485387 0.308206 -1
0 -0.096164 1.346126 -0.687663 0.494362 0.007575 -1
0 -0.027200 1.330487 -0.687663 0.498501 0.013101 -1
0 -0.236014 0.541638 -0.687663 0.485969 0.291947 -1
0 0.036183 1.311271 -0.687663 0.502307 0.019901 -1
0 -0.235936 0.520890 -0.687663 0.485974 0.299275 -1
0 0.094339 1.288795 -0.687663 0.505797 0.027839 -1
0 0.147465 1.263567 -0.687663 0.508985 0.036764 -1
0 0.631463 0.496410 -0.687663 0.538035 0.307927 -1
0 0.576607 0.461752 -0.687663 0.534743 0.320175 -1
0 0.147584 1.365263 -0.687663 0.508994 0.000813 -1
0 0.631699 0.880480 -0.687663 0.538051 0.172170 -1
0 1.116521 1.365263 -0.687663 0.567148 0.000813 -1
0 1.116521 0.854466 -0.687663 0.567148 0.181372 -1
0 1.447386 0.231046 -0.687663 0.587009 0.401726 -1
0 1.546881 -0.066991 -0.687663 0.592980 0.507072 -1
0 1.163282 0.877140 -0.687663 0.569957 0.173346 -1
0 1.215309 0.897730 -0.687663 0.573079 0.166071 -1
0 1.433750 0.277748 -0.687663 0.586189 0.385218 -1
0 1.273152 0.915649 -0.687663 0.576550 0.159733 -1
0 1.407934 0.941937 -0.687663 0.584639 0.150445 -1
0 1.610539 0.958441 -0.687663 0.596800 0.144620 -1
0 1.862301 0.119833 -0.687663 0.611912 0.441036 -1
0 1.672074 -0.069254 -0.687663 0.600495 0.507873 -1
0 1.903090 0.955573 -0.687663 0.614361 0.145632 -1
0 2.071509 0.940758 -0.687663 0.624469 0.150870 -1
0 1.974647 0.223109 -0.687663 0.618655 0.404531 -1
0 2.167428 0.923233 -0.687663 0.630226 0.157058 -1
0 2.106167 0.246352 -0.687663 0.626548 0.396315 -1
0 2.003370 0.247145 -0.687663 0.620378 0.396035 -1
0 3.165012 0.923233 -0.687663 0.690102 0.157058 -1
0 2.751078 0.299722 -0.687663 0.665256 0.377450 -1
0 3.312288 0.573585 -0.687663 0.698940 0.280652 -1
0 3.328165 -0.609518 -0.687663 0.699893 0.698839 -1
0 2.967789 0.180336 -0.687663 0.678263 0.419649 -1
0 3.448605 0.923233 -0.687663 0.707123 0.157058 -1
0 3.930243 0.923233 -0.687663 0.736030 0.157058 -1
0 3.930323 1.365263 -0.687663 0.736036 0.000813 -1
0 4.240871 1.054675 -0.687663 0.754674 0.110599 -1
0 4.948026 1.365263 -0.687663 0.797120 0.000813 -1
0 4.948026 0.925629 -0.687663 0.797120 0.156208 -1
0 4.451964 0.429687 -0.687663 0.767345 0.331511 -1
0 5.384082 0.925551 -0.687663 0.823290 0.156245 -1
0 5.462672 0.940561 -0.687663 0.828009 0.150933 -1
0 5.528097 0.492755 -0.687663 0.831934 0.309224 -1
0 5.575252 0.951997 -0.687663 0.834765 0.146895 -1
0 5.601658 0.496685 -0.687663 0.836350 0.307833 -1
0 5.776718 0.954944 -0.687663 0.846858 0.145845 -1
0 5.762846 0.498335 -0.687663 0.846026 0.307250 -1
0 5.886585 0.946653 -0.687663 0.853451 0.148782 -1
0 5.829451 0.496017 -0.687663 0.850022 0.308071 -1
0 6.022823 0.922329 -0.687663 0.861630 0.157383 -1
0 5.922228 0.488040 -0.687663 0.855592 0.310881 -1
0 6.086126 0.904214 -0.687663 0.865429 0.163783 -1
0 5.949377 0.484346 -0.687663 0.857221 0.312198 -1
0 6.146210 0.882209 -0.687663 0.869034 0.171559 -1
0 5.980304 0.478924 -0.687663 0.859077 0.314104 -1
0 6.202793 0.856274 -0.687663 0.872432 0.180722 -1
0 6.008087 0.472951 -0.687663 0.860745 0.316217 -1
0 6.256039 0.826488 -0.687663 0.875627 0.191260 -1
0 6.293919 0.800436 -0.687663 0.877900 0.200460 -1
0 6.034414 0.450749 -0.687663 0.862325 0.324064 -1
0 6.332113 0.769904 -0.687663 0.880193 0.211261 -1
0 6.041684 0.435660 -0.687663 0.862761 0.329406 -1
0 6.369796 0.734342 -0.687663 0.882455 0.223824 -1
0 7.002725 -0.029079 -0.687663 0.920443 0.493672 -1
0 6.898118 -0.152988 -0.687663 0.914166 0.537470 -1
0 6.414397 0.777527 -0.687663 0.885132 0.208560 -1
0 6.467288 0.819179 -0.687663 0.888305 0.193835 -1
0 6.835600 0.295643 -0.687663 0.910414 0.378892 -1
0 6.529257 0.857964 -0.687663 0.892026 0.180134 -1
0 6.845817 0.282633 -0.687663 0.911025 0.383492 -1
0 6.601010 0.892347 -0.687663 0.896333 0.167971 -1
0 6.862282 0.258958 -0.687663 0.912014 0.391859 -1
0 6.683255 0.920993 -0.687663 0.901269 0.157845 -1
0 6.883934 0.223836 -0.687663 0.913313 0.404274 -1
0 6.776619 0.942409 -0.687663 0.906872 0.150283 -1
0 6.900673 0.192950 -0.687663 0.914319 0.415191 -1
0 6.933838 0.958637 -0.687663 0.916310 0.144545 -1
0 6.991171 -0.001219 -0.687663 0.919750 0.483824 -1
0 7.279202 0.964296 -0.687663 0.937038 0.142545 -1
0 7.264625 0.111751 -0.687663 0.936163 0.443893 -1
0 7.446365 0.214955 -0.687663 0.947070 0.407413 -1
0 7.408837 0.183177 -0.687663 0.944819 0.418646 -1
0 7.515287 0.952350 -0.687663 0.951209 0.146770 -1
0 7.626061 0.937222 -0.687663 0.957857 0.152120 -1
0 7.516349 0.269328 -0.687663 0.951272 0.388194 -1
0 7.657182 0.931210 -0.687663 0.959725 0.154233 -1
0 7.716283 0.416130 -0.687663 0.963271 0.336302 -1
0 7.709563 0.954512 -0.687663 0.962868 0.146007 -1
0 7.869377 0.551344 -0.687663 0.972461 0.288515 -1
0 7.805640 0.537827 -0.687663 0.968635 0.293295 -1
0 7.764143 0.973609 -0.687663 0.966144 0.139257 -1
0 7.890753 0.557710 -0.687663 0.973745 0.286261 -1
0 7.820689 0.988305 -0.687663 0.969538 0.134057 -1
0 7.909415 0.581641 -0.687663 0.974863 0.277799 -1
0 7.878845 0.998601 -0.687663 0.973029 0.130419 -1
0 7.931029 0.607261 -0.687663 0.976160 0.268747 -1
0 7.945959 1.004652 -0.687663 0.977056 0.128281 -1
0 7.962309 0.641252 -0.687663 0.978037 0.256730 -1
0 8.328225 1.004652 -0.687663 1.000000 0.128281 -1
0 8.322095 0.117998 -0.687663 0.999633 0.441685 -1
0 7.888513 0.554567 -0.687663 0.973608 0.287367 -1
0 8.180043 0.117998 -0.687663 0.991106 0.441685 -1
0 7.620718 0.107605 -0.687663 0.957536 0.445358 -1
0 7.600441 0.111636 -0.687663 0.956318 0.443933 -1
0 8.168687 0.019081 -0.687663 0.990425 0.476649 -1
0 8.159374 -0.025409 -0.687663 0.989866 0.492375 -1
0 8.147624 -0.066539 -0.687663 0.989162 0.506913 -1
0 7.605627 0.109196 -0.687663 0.956630 0.444795 -1
0 8.131474 -0.110958 -0.687663 0.988192 0.522614 -1
0 7.639775 0.091651 -0.687663 0.958679 0.450997 -1
0 8.112572 -0.151841 -0.687663 0.987058 0.537064 -1
0 7.654472 0.083297 -0.687663 0.959562 0.453950 -1
0 8.091315 -0.189399 -0.687663 0.985780 0.550340 -1
0 8.067775 -0.223739 -0.687663 0.984369 0.562478 -1
0 6.874974 -0.378801 -0.687663 0.912777 0.617288 -1
0 7.177782 -0.597171 -0.687663 0.930951 0.694474 -1
0 6.972939 -0.513815 -0.687663 0.918656 0.665010 -1
0 8.115127 -0.264574 -0.687663 0.987210 0.576912 -1
0 8.156662 -0.309854 -0.687663 0.989703 0.592917 -1
0 7.757070 -0.634561 -0.687663 0.965719 0.707690 -1
0 8.192498 -0.359826 -0.687663 0.991855 0.610580 -1
0 8.222559 -0.414430 -0.687663 0.993660 0.629882 -1
0 7.748071 -0.641587 -0.687663 0.965180 0.710174 -1
0 7.754439 -0.636447 -0.687663 0.965561 0.708357 -1
0 8.246922 -0.473667 -0.687663 0.995120 0.650820 -1
0 7.730940 -0.653949 -0.687663 0.964151 0.714544 -1
0 8.265430 -0.537502 -0.687663 0.996232 0.673384 -1
0 7.722687 -0.659238 -0.687663 0.963655 0.716413 -1
0 8.280912 -0.634262 -0.687663 0.997162 0.707585 -1
0 7.649716 -0.699940 -0.687663 0.959277 0.730800 -1
0 7.610145 -0.755648 -0.687663 0.956901 0.750492 -1
0 7.593249 -0.742925 -0.687663 0.955887 0.745995 -1
0 7.670426 -0.801903 -0.687663 0.960518 0.766841 -1
0 7.629478 -0.771638 -0.687663 0.958061 0.756143 -1
0 8.286769 -0.754187 -0.687663 0.997512 0.749975 -1
0 7.951660 -0.892568 -0.687663 0.977399 0.798888 -1
0 7.686694 -0.813137 -0.687663 0.961495 0.770812 -1
0 8.281777 -0.866685 -0.687663 0.997213 0.789739 -1
0 8.266649 -0.961252 -0.687663 0.996305 0.823166 -1
0 8.255214 -1.002417 -0.687663 0.995619 0.837717 -1
0 7.726380 -0.846974 -0.687663 0.963877 0.782773 -1
0 7.705711 -0.830965 -0.687663 0.962637 0.777113 -1
0 8.196350 -1.132951 -0.687663 0.992085 0.883857 -1
0 8.116069 -1.234380 -0.687663 0.987266 0.919709 -1
0 8.021134 -1.310416 -0.687663 0.981569 0.946585 -1
0 7.918572 -1.364914 -0.687663 0.975413 0.965849 -1
0 7.675141 -0.804901 -0.687663 0.960803 0.767900 -1
0 7.815108 -1.401730 -0.687663 0.969204 0.978862 -1
0 7.717775 -1.424646 -0.687663 0.963361 0.986962 -1
0 7.568807 -1.444133 -0.687663 0.954420 0.993850 -1
0 7.500434 -0.708891 -0.687663 0.950317 0.733965 -1
0 7.581578 -0.733180 -0.687663 0.955187 0.742549 -1
0 7.263407 -1.461073 -0.687663 0.936089 0.999838 -1
0 7.236490 -0.619024 -0.687663 0.934474 0.702199 -1
0 7.208630 -1.461533 -0.687663 0.932803 1.000000 -1
0 7.209023 -0.608940 -0.687663 0.932825 0.698635 -1
0 2.790923 -0.524806 -0.687663 0.667648 0.668896 -1
0 2.700347 -0.340834 -0.687663 0.662212 0.603868 -1
0 2.700152 -0.340870 -0.687663 0.662199 0.603880 -1
0 -5.409718 -1.116931 -0.687663 0.175440 0.878194 -1
0 -5.679204 -1.106321 -0.687663 0.159266 0.874444 -1
0 -5.640615 -0.666205 -0.687663 0.161581 0.718876 -1
0 -5.799564 -1.089912 -0.687663 0.152042 0.868643 -1
0 -5.719716 -0.660845 -0.687663 0.156833 0.716982 -1
0 -5.869627 -1.073325 -0.687663 0.147835 0.862781 -1
0 -5.751310 -0.657163 -0.687663 0.154938 0.715680 -1
0 -5.943267 -1.048782 -0.687663 0.143416 0.854105 -1
0 -5.786518 -0.651454 -0.687663 0.152825 0.713662 -1
0 -6.188035 -0.122417 -0.687663 0.128725 0.526664 -1
0 -5.841571 -0.639437 -0.687663 0.149519 0.709415 -1
0 -6.505500 -0.252876 -0.687663 0.109670 0.572777 -1
0 -6.018084 -1.014477 -0.687663 0.138924 0.841980 -1
0 -6.018241 -1.074103 -0.687663 0.138916 0.863056 -1
0 -6.505972 -0.583399 -0.687663 0.109642 0.689606 -1
0 -7.082705 -1.070142 -0.687663 0.075025 0.861656 -1
0 -6.796205 -0.601797 -0.687663 0.092223 0.696110 -1
0 -6.628375 -0.705304 -0.687663 0.102295 0.732696 -1
0 -7.356631 -0.539412 -0.687663 0.058585 0.674059 -1
0 -7.728401 0.992903 -0.687663 0.036271 0.132436 -1
0 -7.559157 0.889793 -0.687663 0.046428 0.168874 -1
0 -7.356827 -1.070743 -0.687663 0.058572 0.861868 -1
0 -7.844675 -0.582703 -0.687663 0.029292 0.689361 -1
0 -8.332720 -1.070743 -0.687663 0.000000 0.861868 -1
0 -8.332720 1.365263 -0.687663 0.000000 0.000813 -1
0 -7.844400 0.876943 -0.687663 0.029309 0.173422 -1
0 -7.267156 1.365263 -0.687663 0.063955 0.000813 -1
0 -6.994291 0.827078 -0.687663 0.080332 0.191047 -1
0 -6.506404 0.116238 -0.687663 0.109616 0.442306 -1
0 -6.220807 -0.069644 -0.687663 0.126758 0.508010 -1
0 -6.220807 -0.070272 -0.687663 0.126758 0.508232 -1
0 -6.994094 1.365263 -0.687663 0.080345 0.000813 -1
0 -6.018241 1.365263 -0.687663 0.138916 0.000813 -1
0 -6.506246 0.877257 -0.687663 0.109624 0.173313 -1
0 -6.018241 0.866648 -0.687663 0.138916 0.177059 -1
0 -5.773669 0.438175 -0.687663 0.153595 0.328509 -1
0 -5.975370 0.299899 -0.687663 0.141488 0.377388 -1
0 -5.951165 0.896394 -0.687663 0.142942 0.166546 -1
0 -5.882516 0.919264 -0.687663 0.147062 0.158458 -1
0 -5.755946 0.449138 -0.687663 0.154659 0.324640 -1
0 -5.744001 0.947949 -0.687663 0.155377 0.148320 -1
0 -5.678496 0.490869 -0.687663 0.159307 0.309883 -1
0 -5.561397 0.962685 -0.687663 0.166336 0.143120 -1
0 -5.541002 0.516018 -0.687663 0.167560 0.301000 -1
0 -5.638337 0.509416 -0.687663 0.161718 0.303325 -1
0 -5.231987 0.966221 -0.687663 0.186107 0.141857 -1
0 -5.242949 0.521048 -0.687663 0.185450 0.299213 -1
0 -5.376161 0.521401 -0.687663 0.177454 0.299093 -1
0 -5.012249 0.953058 -0.687663 0.199297 0.146520 -1
0 -5.057437 0.514014 -0.687663 0.196584 0.301702 -1
0 -4.902458 0.936986 -0.687663 0.205886 0.152195 -1
0 -4.983602 0.508041 -0.687663 0.201015 0.303810 -1
0 -4.843358 0.923233 -0.687663 0.209433 0.157058 -1
0 -4.892359 0.496842 -0.687663 0.206493 0.307775 -1
0 -3.641873 -0.074897 -0.687663 0.281546 0.509867 -1
0 -4.187446 0.362139 -0.687663 0.248801 0.355392 -1
0 -2.082685 0.923233 -0.687663 0.375130 0.157058 -1
0 -2.532416 -1.073042 -0.687663 0.348138 0.862681 -1
0 -3.330695 -0.074893 -0.687663 0.300223 0.509865 -1
0 -4.441488 -1.073042 -0.687663 0.233555 0.862681 -1
0 -4.493829 -0.838993 -0.687663 0.230413 0.779952 -1
0 -4.850078 -0.600500 -0.687663 0.209030 0.695652 -1
0 -4.618119 0.016067 -0.687663 0.222952 0.477714 -1
0 -4.550846 -0.904101 -0.687663 0.226989 0.802965 -1
0 -4.613916 -0.957751 -0.687663 0.223205 0.821929 -1
0 -4.860689 -0.623425 -0.687663 0.208394 0.703754 -1
0 -4.682170 -1.001180 -0.687663 0.219108 0.837279 -1
0 -4.882615 -0.638420 -0.687663 0.207077 0.709055 -1
0 -4.866307 -0.633665 -0.687663 0.208057 0.707374 -1
0 -4.754630 -1.035555 -0.687663 0.214758 0.849430 -1
0 -4.914718 -0.645654 -0.687663 0.205150 0.711611 -1
0 -4.830431 -1.062044 -0.687663 0.210210 0.858793 -1
0 -4.946469 -0.651041 -0.687663 0.203245 0.713515 -1
0 -4.987925 -1.096277 -0.687663 0.200757 0.870894 -1
0 -5.056180 -0.662842 -0.687663 0.196660 0.717686 -1
0 -5.162081 -1.113465 -0.687663 0.190303 0.876969 -1
0 -5.188605 -0.669372 -0.687663 0.188712 0.719995 -1
0 -5.343427 -1.117249 -0.687663 0.179418 0.878306 -1
0 -5.347003 -0.671042 -0.687663 0.179203 0.720585 -1
0 -5.399855 -0.670913 -0.687663 0.176031 0.720540 -1
0 -5.444100 0.073685 -0.687663 0.173377 0.457348 -1
0 -5.443275 -0.224871 -0.687663 0.173426 0.562878 -1
0 -5.275132 -0.224835 -0.687663 0.183517 0.562866 -1
0 -5.275093 0.000160 -0.687663 0.183519 0.483337 -1
0 -5.278826 0.076550 -0.687663 0.183296 0.456335 -1
0 -4.872201 0.496685 -0.687663 0.207703 0.307832 -1
0 -5.443983 0.073792 -0.687663 0.173383 0.457310 -1
0 5.599259 -1.069152 -0.687663 0.836207 0.861306 -1
0 4.749860 0.131716 -0.687663 0.785226 0.436836 -1
0 3.340661 -0.608980 -0.687663 0.700645 0.698649 -1
0 3.668185 -0.994495 -0.687663 0.720303 0.834917 -1
0 3.344903 -0.829397 -0.687663 0.700899 0.776559 -1
0 -0.256840 0.457272 -0.687663 0.484719 0.321763 -1
0 2.700820 -0.519819 -0.687663 0.662240 0.667133 -1
0 -4.555680 0.195186 -0.687663 0.226700 0.414401 -1
0 -5.447637 -0.114707 -0.687663 0.173163 0.523939 -1
0 -5.367595 0.077964 -0.687663 0.177968 0.455835 -1
0 8.067775 -0.223739 -0.687663 1.000000 1.000000 -1
0 8.067775 -0.223739 0.687663 1.000000 0.000000 -1
0 8.115127 -0.264574 0.687663 0.998819 0.000000 -1
0 8.115127 -0.264574 -0.687663 0.998819 1.000000 -1
0 8.156662 -0.309854 0.687663 0.997659 0.000000 -1
0 8.156662 -0.309854 -0.687663 0.997659 1.000000 -1
0 8.192498 -0.359825 0.687663 0.996498 0.000000 -1
0 8.192498 -0.359826 -0.687663 0.996498 1.000000 -1
0 8.222559 -0.414430 0.687663 0.995320 0.000000 -1
0 8.222559 -0.414430 -0.687663 0.995320 1.000000 -1
0 8.246922 -0.473667 0.687663 0.994111 0.000000 -1
0 8.246922 -0.473667 -0.687663 0.994111 1.000000 -1
0 8.265430 -0.537502 0.687663 0.992856 0.000000 -1
0 8.265430 -0.537502 -0.687663 0.992856 1.000000 -1
0 8.280912 -0.634262 0.687663 0.991005 0.000000 -1
0 8.280912 -0.634262 -0.687663 0.991005 1.000000 -1
0 8.286769 -0.754187 0.687663 0.988738 0.000000 -1
0 8.286769 -0.754187 -0.687663 0.988738 1.000000 -1
0 8.281777 -0.866684 0.687663 0.986612 0.000000 -1
0 8.281777 -0.866685 -0.687663 0.986612 1.000000 -1
0 8.266649 -0.961252 0.687663 0.984803 0.000000 -1
0 8.266649 -0.961252 -0.687663 0.984803 1.000000 -1
0 8.255214 -1.002417 0.687663 0.983996 0.000000 -1
0 8.255214 -1.002417 -0.687663 0.983996 1.000000 -1
0 8.196350 -1.132951 0.687663 0.981292 0.000000 -1
0 8.196350 -1.132951 -0.687663 0.981292 1.000000 -1
0 8.116069 -1.234380 0.687663 0.978849 0.000000 -1
0 8.116069 -1.234380 -0.687663 0.978849 1.000000 -1
0 8.021134 -1.310416 0.687663 0.976553 0.000000 -1
0 8.021134 -1.310416 -0.687663 0.976553 1.000000 -1
0 7.918572 -1.364914 0.687663 0.974360 0.000000 -1
0 7.918572 -1.364914 -0.687663 0.974360 1.000000 -1
0 7.815108 -1.401730 0.687663 0.972286 0.000000 -1
0 7.815108 -1.401730 -0.687663 0.972286 1.000000 -1
0 7.717775 -1.424646 0.687663 0.970397 0.000000 -1
0 7.717775 -1.424646 -0.687663 0.970397 1.000000 -1
0 7.568807 -1.444133 0.687663 0.967560 0.000000 -1
0 7.568807 -1.444133 -0.687663 0.967560 1.000000 -1
0 7.263407 -1.461073 0.687663 0.961784 0.000000 -1
0 7.263407 -1.461073 -0.687663 0.961784 1.000000 -1
0 7.208630 -1.461533 0.687663 0.960750 0.000000 -1
0 7.208630 -1.461533 -0.687663 0.960750 1.000000 -1
0 7.147368 -1.460967 0.687663 0.959593 0.000000 -1
0 7.147368 -1.460967 -0.687663 0.959593 1.000000 -1
0 6.829117 -1.441481 0.687663 0.953571 0.000000 -1
0 6.829117 -1.441481 -0.687663 0.953571 1.000000 -1
0 6.690131 -1.422560 0.687663 0.950923 0.000000 -1
0 6.690131 -1.422560 -0.687663 0.950923 1.000000 -1
0 6.602307 -1.402508 0.687663 0.949222 0.000000 -1
0 6.602307 -1.402508 -0.687663 0.949222 1.000000 -1
0 6.509413 -1.371528 0.687663 0.947372 0.000000 -1
0 6.509413 -1.371528 -0.687663 0.947372 1.000000 -1
0 6.416951 -1.326613 0.687663 0.945431 0.000000 -1
0 6.416951 -1.326613 -0.687663 0.945431 1.000000 -1
0 6.330307 -1.264971 0.687663 0.943423 0.000000 -1
0 6.330307 -1.264971 -0.687663 0.943423 1.000000 -1
0 6.254976 -1.183560 0.687663 0.941329 0.000000 -1
0 6.254976 -1.183560 -0.687663 0.941329 1.000000 -1
0 6.196389 -1.079550 0.687663 0.939074 0.000000 -1
0 6.196389 -1.079550 -0.687663 0.939074 1.000000 -1
0 3.668185 -0.994495 0.687663 0.827736 0.000000 -1
0 3.668185 -0.994495 -0.687663 0.827736 1.000000 -1
0 3.611207 -1.092847 0.687663 0.825589 0.000000 -1
0 3.611207 -1.092847 -0.687663 0.825589 1.000000 -1
0 3.576234 -1.143526 0.687663 0.824427 0.000000 -1
0 3.576234 -1.143526 -0.687663 0.824427 1.000000 -1
0 3.507665 -1.221224 0.687663 0.822470 0.000000 -1
0 3.507665 -1.221224 -0.687663 0.822470 1.000000 -1
0 3.432965 -1.283821 0.687663 0.820629 0.000000 -1
0 3.432965 -1.283821 -0.687663 0.820629 1.000000 -1
0 3.353470 -1.333014 0.687663 0.818864 0.000000 -1
0 3.353470 -1.333014 -0.687663 0.818864 1.000000 -1
0 3.270519 -1.370325 0.687663 0.817146 0.000000 -1
0 3.270519 -1.370325 -0.687663 0.817146 1.000000 -1
0 3.185406 -1.397309 0.687663 0.815460 0.000000 -1
0 3.185406 -1.397309 -0.687663 0.815460 1.000000 -1
0 3.099507 -1.415558 0.687663 0.813801 0.000000 -1
0 3.099507 -1.415558 -0.687663 0.813801 1.000000 -1
0 2.930341 -1.432144 0.687663 0.810592 0.000000 -1
0 2.930341 -1.432144 -0.687663 0.810592 1.000000 -1
0 2.716576 -1.430305 0.687663 0.806555 0.000000 -1
0 2.716576 -1.430305 -0.687663 0.806555 1.000000 -1
0 1.964352 -1.067667 0.687663 0.786223 0.000000 -1
0 1.964352 -1.067667 -0.687663 0.786223 1.000000 -1
0 1.864464 -1.084430 0.687663 0.784310 0.000000 -1
0 1.864464 -1.084430 -0.687663 0.784310 1.000000 -1
0 1.724141 -1.096419 0.687663 0.781650 0.000000 -1
0 1.724141 -1.096419 -0.687663 0.781650 1.000000 -1
0 1.463497 -1.095818 0.687663 0.776728 0.000000 -1
0 1.463497 -1.095818 -0.687663 0.776728 1.000000 -1
0 1.297829 -1.083192 0.687663 0.773591 0.000000 -1
0 1.297829 -1.083192 -0.687663 0.773591 1.000000 -1
0 1.181633 -1.059992 0.687663 0.771353 0.000000 -1
0 1.181633 -1.059992 -0.687663 0.771353 1.000000 -1
0 0.071312 -0.386067 0.687663 0.735883 0.000000 -1
0 0.071312 -0.386067 -0.687663 0.735883 1.000000 -1
0 -0.005393 -0.412838 0.687663 0.734349 0.000000 -1
0 -0.005393 -0.412838 -0.687663 0.734349 1.000000 -1
0 -0.081153 -0.430769 0.687663 0.732879 0.000000 -1
0 -0.081153 -0.430769 -0.687663 0.732879 1.000000 -1
0 -0.223480 -0.447249 0.687663 0.730173 0.000000 -1
0 -0.223480 -0.447249 -0.687663 0.730173 1.000000 -1
0 -0.251457 1.365066 0.687663 0.616002 0.000000 -1
0 -0.251457 1.365066 -0.687663 0.616002 1.000000 -1
0 -0.096164 1.346126 0.687663 0.613048 0.000000 -1
0 -0.096164 1.346126 -0.687663 0.613048 1.000000 -1
0 -0.027200 1.330487 0.687663 0.611712 0.000000 -1
0 -0.027200 1.330487 -0.687663 0.611712 1.000000 -1
0 0.036183 1.311271 0.687663 0.610461 0.000000 -1
0 0.036183 1.311271 -0.687663 0.610461 1.000000 -1
0 0.094339 1.288795 0.687663 0.609284 0.000000 -1
0 0.094339 1.288795 -0.687663 0.609284 1.000000 -1
0 1.163282 0.877140 0.687663 0.577327 0.000000 -1
0 1.163282 0.877140 -0.687663 0.577327 1.000000 -1
0 1.215309 0.897730 0.687663 0.576271 0.000000 -1
0 1.215309 0.897730 -0.687663 0.576271 1.000000 -1
0 1.273152 0.915649 0.687663 0.575128 0.000000 -1
0 1.273152 0.915649 -0.687663 0.575128 1.000000 -1
0 1.407934 0.941937 0.687663 0.572535 0.000000 -1
0 1.407934 0.941937 -0.687663 0.572535 1.000000 -1
0 1.610539 0.958441 0.687663 0.568696 0.000000 -1
0 1.610539 0.958441 -0.687663 0.568696 1.000000 -1
0 1.903090 0.955573 0.687663 0.563171 0.000000 -1
0 1.903090 0.955573 -0.687663 0.563171 1.000000 -1
0 2.071509 0.940759 0.687663 0.559978 0.000000 -1
0 2.071509 0.940758 -0.687663 0.559978 1.000000 -1
0 2.167428 0.923233 0.687663 0.558137 0.000000 -1
0 2.167428 0.923233 -0.687663 0.558137 1.000000 -1
0 5.384082 0.925551 0.687663 0.471850 0.000000 -1
0 5.384082 0.925551 -0.687663 0.471850 1.000000 -1
0 5.462672 0.940562 0.687663 0.470339 0.000000 -1
0 5.462672 0.940561 -0.687663 0.470339 1.000000 -1
0 5.575252 0.951997 0.687663 0.468202 0.000000 -1
0 5.575252 0.951997 -0.687663 0.468202 1.000000 -1
0 5.776718 0.954944 0.687663 0.464397 0.000000 -1
0 5.776718 0.954944 -0.687663 0.464397 1.000000 -1
0 5.886585 0.946653 0.687663 0.462317 0.000000 -1
0 5.886585 0.946653 -0.687663 0.462317 1.000000 -1
0 6.022823 0.922329 0.687663 0.459703 0.000000 -1
0 6.022823 0.922329 -0.687663 0.459703 1.000000 -1
0 6.086126 0.904214 0.687663 0.458459 0.000000 -1
0 6.086126 0.904214 -0.687663 0.458459 1.000000 -1
0 6.146210 0.882209 0.687663 0.457252 0.000000 -1
0 6.146210 0.882209 -0.687663 0.457252 1.000000 -1
0 6.202793 0.856274 0.687663 0.456076 0.000000 -1
0 6.202793 0.856274 -0.687663 0.456076 1.000000 -1
0 6.256039 0.826488 0.687663 0.454924 0.000000 -1
0 6.256039 0.826488 -0.687663 0.454924 1.000000 -1
0 6.293919 0.800436 0.687663 0.454056 0.000000 -1
0 6.293919 0.800436 -0.687663 0.454056 1.000000 -1
0 6.332113 0.769904 0.687663 0.453132 0.000000 -1
0 6.332113 0.769904 -0.687663 0.453132 1.000000 -1
0 6.369796 0.734342 0.687663 0.452154 0.000000 -1
0 6.369796 0.734342 -0.687663 0.452154 1.000000 -1
0 6.414397 0.777527 0.687663 0.450981 0.000000 -1
0 6.414397 0.777527 -0.687663 0.450981 1.000000 -1
0 6.467288 0.819180 0.687663 0.449710 0.000000 -1
0 6.467288 0.819179 -0.687663 0.449710 1.000000 -1
0 6.529257 0.857964 0.687663 0.448330 0.000000 -1
0 6.529257 0.857964 -0.687663 0.448330 1.000000 -1
0 6.601010 0.892347 0.687663 0.446827 0.000000 -1
0 6.601010 0.892347 -0.687663 0.446827 1.000000 -1
0 6.683255 0.920993 0.687663 0.445182 0.000000 -1
0 6.683255 0.920993 -0.687663 0.445182 1.000000 -1
0 6.776619 0.942409 0.687663 0.443374 0.000000 -1
0 6.776619 0.942409 -0.687663 0.443374 1.000000 -1
0 6.933838 0.958638 0.687663 0.440389 0.000000 -1
0 6.933838 0.958637 -0.687663 0.440389 1.000000 -1
0 7.279202 0.964296 0.687663 0.433866 0.000000 -1
0 7.279202 0.964296 -0.687663 0.433866 1.000000 -1
0 7.515287 0.952350 0.687663 0.429402 0.000000 -1
0 7.515287 0.952350 -0.687663 0.429402 1.000000 -1
0 7.626061 0.937222 0.687663 0.427291 0.000000 -1
0 7.626061 0.937222 -0.687663 0.427291 1.000000 -1
0 7.657182 0.931210 0.687663 0.426692 0.000000 -1
0 7.657182 0.931210 -0.687663 0.426692 1.000000 -1
0 7.709563 0.954512 0.687663 0.425610 0.000000 -1
0 7.709563 0.954512 -0.687663 0.425610 1.000000 -1
0 7.764143 0.973609 0.687663 0.424518 0.000000 -1
0 7.764143 0.973609 -0.687663 0.424518 1.000000 -1
0 7.820689 0.988306 0.687663 0.423415 0.000000 -1
0 7.820689 0.988305 -0.687663 0.423415 1.000000 -1
0 7.878845 0.998601 0.687663 0.422299 0.000000 -1
0 7.878845 0.998601 -0.687663 0.422299 1.000000 -1
0 7.945959 1.004652 0.687663 0.421027 0.000000 -1
0 7.945959 1.004652 -0.687663 0.421027 1.000000 -1
0 8.168687 0.019081 0.687663 0.392502 0.000000 -1
0 8.168687 0.019081 -0.687663 0.392502 1.000000 -1
0 8.159374 -0.025409 0.687663 0.391643 0.000000 -1
0 8.159374 -0.025409 -0.687663 0.391643 1.000000 -1
0 8.147624 -0.066539 0.687663 0.390836 0.000000 -1
0 8.147624 -0.066539 -0.687663 0.390836 1.000000 -1
0 8.131474 -0.110958 0.687663 0.389943 0.000000 -1
0 8.131474 -0.110958 -0.687663 0.389943 1.000000 -1
0 8.112572 -0.151841 0.687663 0.389093 0.000000 -1
0 8.112572 -0.151841 -0.687663 0.389093 1.000000 -1
0 8.091315 -0.189399 0.687663 0.388277 0.000000 -1
0 8.091315 -0.189399 -0.687663 0.388277 1.000000 -1
0 8.067775 -0.223739 0.687663 0.387491 0.000000 -1
0 8.067775 -0.223739 -0.687663 0.387491 1.000000 -1
0 -4.493829 -0.838993 -0.687663 0.378531 1.000000 -1
0 -4.493829 -0.838993 0.687663 0.378531 0.000000 -1
0 -4.550846 -0.904101 0.687663 0.376897 0.000000 -1
0 -4.550846 -0.904101 -0.687663 0.376897 1.000000 -1
0 -4.613916 -0.957751 0.687663 0.375333 0.000000 -1
0 -4.613916 -0.957751 -0.687663 0.375333 1.000000 -1
0 -4.682170 -1.001180 0.687663 0.373806 0.000000 -1
0 -4.682170 -1.001180 -0.687663 0.373806 1.000000 -1
0 -4.754630 -1.035555 0.687663 0.372291 0.000000 -1
0 -4.754630 -1.035555 -0.687663 0.372291 1.000000 -1
0 -4.830431 -1.062044 0.687663 0.370775 0.000000 -1
0 -4.830431 -1.062044 -0.687663 0.370775 1.000000 -1
0 -4.987925 -1.096277 0.687663 0.367732 0.000000 -1
0 -4.987925 -1.096277 -0.687663 0.367732 1.000000 -1
0 -5.162081 -1.113465 0.687663 0.364427 0.000000 -1
0 -5.162081 -1.113465 -0.687663 0.364427 1.000000 -1
0 -5.343427 -1.117249 0.687663 0.361001 0.000000 -1
0 -5.343427 -1.117249 -0.687663 0.361001 1.000000 -1
0 -5.409718 -1.116931 0.687663 0.359749 0.000000 -1
0 -5.409718 -1.116931 -0.687663 0.359749 1.000000 -1
0 -5.679204 -1.106321 0.687663 0.354657 0.000000 -1
0 -5.679204 -1.106321 -0.687663 0.354657 1.000000 -1
0 -5.799564 -1.089912 0.687663 0.352363 0.000000 -1
0 -5.799564 -1.089912 -0.687663 0.352363 1.000000 -1
0 -5.869627 -1.073325 0.687663 0.351003 0.000000 -1
0 -5.869627 -1.073325 -0.687663 0.351003 1.000000 -1
0 -5.943267 -1.048782 0.687663 0.349537 0.000000 -1
0 -5.943267 -1.048782 -0.687663 0.349537 1.000000 -1
0 -5.951165 0.896394 0.687663 0.170103 0.000000 -1
0 -5.951165 0.896394 -0.687663 0.170103 1.000000 -1
0 -5.882516 0.919264 0.687663 0.168737 0.000000 -1
0 -5.882516 0.919264 -0.687663 0.168737 1.000000 -1
0 -5.744001 0.947949 0.687663 0.166065 0.000000 -1
0 -5.744001 0.947949 -0.687663 0.166065 1.000000 -1
0 -5.561397 0.962685 0.687663 0.162606 0.000000 -1
0 -5.561397 0.962685 -0.687663 0.162606 1.000000 -1
0 -5.231987 0.966222 0.687663 0.156385 0.000000 -1
0 -5.231987 0.966221 -0.687663 0.156385 1.000000 -1
0 -5.012249 0.953058 0.687663 0.152228 0.000000 -1
0 -5.012249 0.953058 -0.687663 0.152228 1.000000 -1
0 -4.902458 0.936986 0.687663 0.150133 0.000000 -1
0 -4.902458 0.936986 -0.687663 0.150133 1.000000 -1
0 -4.843358 0.923233 0.687663 0.148987 0.000000 -1
0 -4.843358 0.923233 -0.687663 0.148987 1.000000 -1
0 -5.444100 0.073685 -0.687663 0.017632 1.000000 -1
0 -5.444100 0.073685 0.687663 0.017632 0.000000 -1
0 -5.447637 -0.114707 0.687663 0.014074 0.000000 -1
0 -5.447637 -0.114707 -0.687663 0.014074 1.000000 -1
0 -5.275093 0.000161 0.687663 0.004568 0.000000 -1
0 -5.275093 0.000160 -0.687663 0.004568 1.000000 -1
0 -5.278826 0.076550 0.687663 0.003124 0.000000 -1
0 -5.278826 0.076550 -0.687663 0.003124 1.000000 -1
0 -5.367595 0.077965 0.687663 0.001447 0.000000 -1
0 -5.367595 0.077964 -0.687663 0.001447 1.000000 -1
199
-0.005800 -1.000000 0.000000
-1.000000 -0.000000 0.000000
0.005700 -1.000000 0.000000
1.000000 -0.000100 0.000000
0.000000 -1.000000 0.000000
1.000000 -0.003900 -0.000000
1.000000 -0.003700 0.000000
-0.005500 -1.000000 0.000000
-1.000000 0.001200 0.000000
0.000000 1.000000 0.000000
1.000000 -0.000000 0.000000
0.921600 0.388200 -0.000000
-0.931700 0.363200 -0.000000
-1.000000 0.000200 -0.000000
1.000000 -0.006900 0.000000
1.000000 0.003700 -0.000000
0.055300 0.998500 -0.000000
-0.897200 -0.441700 0.000000
0.164100 -0.986400 -0.000000
1.000000 -0.002600 0.000000
1.000000 -0.002700 0.000000
-0.003700 -1.000000 0.000000
-0.888600 -0.458600 0.000000
1.000000 -0.000400 0.000000
0.891900 0.452200 0.000000
-1.000000 0.000400 0.000000
0.975600 -0.219800 0.000000
0.975500 -0.219800 0.000000
-0.975900 -0.218200 0.000000
-0.000200 1.000000 -0.000000
0.710300 -0.703900 -0.000000
0.710200 -0.704000 0.000000
0.000000 -0.000000 -1.000000
-0.000200 0.000000 -1.000000
-0.000100 0.000000 -1.000000
0.000300 0.000000 -1.000000
-0.001000 0.000000 -1.000000
-0.001200 -0.000000 -1.000000
0.653100 0.757300 -0.000000
0.696200 0.717900 -0.000000
0.776200 0.630500 -0.000000
0.845600 0.533900 -0.000000
0.902000 0.431700 -0.000000
0.944000 0.329900 -0.000000
0.975800 0.218600 -0.000000
0.994600 0.103500 -0.000000
1.000000 0.002200 0.000000
0.994900 -0.101300 0.000000
0.977000 -0.213100 0.000000
0.940300 -0.340400 0.000000
0.854300 -0.519800 0.000000
0.709100 -0.705100 0.000000
0.549600 -0.835400 0.000000
0.403300 -0.915100 0.000000
0.282600 -0.959200 0.000000
0.179700 -0.983700 0.000000
0.092600 -0.995700 0.000000
0.031900 -0.999500 0.000000
-0.000400 -1.000000 0.000000
-0.035200 -0.999400 0.000000
-0.098100 -0.995200 0.000000
-0.178900 -0.983900 0.000000
-0.269800 -0.962900 0.000000
-0.377500 -0.926000 0.000000
-0.510100 -0.860100 0.000000
-0.660300 -0.751000 0.000000
-0.808100 -0.589000 0.000000
-0.898500 -0.439000 0.000000
-0.898400 -0.439300 -0.000000
-0.922600 -0.385700 -0.000000
-0.922500 -0.386100 0.000000
0.913500 -0.406900 0.000000
0.890600 -0.454700 0.000000
0.844800 -0.535000 0.000000
0.787800 -0.615900 0.000000
0.698000 -0.716100 0.000000
0.585800 -0.810500 0.000000
0.469200 -0.883100 0.000000
0.356800 -0.934200 0.000000
0.255300 -0.966900 0.000000
0.152900 -0.988200 0.000000
0.044600 -0.999000 0.000000
-0.052300 -0.998600 0.000000
-0.095900 -0.995400 0.000000
-0.006500 -1.000000 0.000000
0.079800 -0.996800 0.000000
0.125400 -0.992100 0.000000
0.041500 -0.999100 0.000000
-0.039200 -0.999200 0.000000
-0.136100 -0.990700 0.000000
-0.252800 -0.967500 0.000000
-0.309000 -0.951100 0.000000
0.439100 -0.898400 0.000000
0.385000 -0.922900 0.000000
0.280300 -0.959900 0.000000
0.173000 -0.984900 0.000000
0.059800 -0.998200 0.000000
0.004500 -1.000000 0.000000
0.001700 1.000000 0.000000
0.061500 0.998100 0.000000
0.171300 0.985200 0.000000
0.255800 0.966700 0.000000
0.325500 0.945500 0.000000
0.395000 0.918700 0.000000
0.429300 0.903200 -0.000000
0.429000 0.903300 0.000000
-0.436300 0.899800 -0.000000
-0.402400 0.915500 -0.000000
-0.332200 0.943200 -0.000000
-0.244000 0.969800 -0.000000
-0.136500 0.990600 -0.000000
-0.035700 0.999400 -0.000000
0.048800 0.998800 -0.000000
0.133800 0.991000 -0.000000
0.090200 0.995900 -0.000000
0.000200 1.000000 -0.000000
-0.094100 0.995600 -0.000000
-0.144500 0.989500 -0.000000
-0.057900 0.998300 -0.000000
0.030300 0.999500 -0.000000
0.126000 0.992000 -0.000000
0.125700 0.992100 -0.000000
0.225700 0.974200 -0.000000
0.309700 0.950800 -0.000000
0.380600 0.924800 -0.000000
0.380600 0.924700 -0.000000
0.452800 0.891600 -0.000000
0.528000 0.849200 -0.000000
0.595900 0.803000 -0.000000
0.655900 0.754800 -0.000000
0.686300 0.727300 -0.000000
0.686000 0.727600 -0.000000
-0.695600 0.718400 -0.000000
-0.658000 0.753000 -0.000000
-0.575400 0.817800 -0.000000
-0.575500 0.817800 -0.000000
-0.482100 0.876100 -0.000000
-0.381100 0.924500 -0.000000
-0.276700 0.961000 -0.000000
-0.163400 0.986600 -0.000000
-0.059600 0.998200 -0.000000
0.017100 0.999900 -0.000000
0.093000 0.995700 -0.000000
0.162200 0.986800 -0.000000
0.162100 0.986800 -0.000000
0.188600 0.982100 -0.000000
0.188700 0.982000 0.000000
-0.406200 0.913800 -0.000000
-0.406000 0.913900 -0.000000
-0.368700 0.929600 -0.000000
-0.291100 0.956700 -0.000000
-0.213100 0.977000 -0.000000
-0.132200 0.991200 -0.000000
-0.044900 0.999000 0.000000
0.993500 -0.114100 0.000000
0.987200 -0.159700 0.000000
0.987200 -0.159300 0.000000
0.970800 -0.239900 0.000000
0.970900 -0.239600 0.000000
0.951300 -0.308400 0.000000
0.924600 -0.381000 0.000000
0.889700 -0.456500 0.000000
0.848300 -0.529500 0.000000
0.825000 -0.565100 0.000000
0.824800 -0.565400 0.000000
0.752000 -0.659200 0.000000
0.752100 -0.659100 0.000000
0.702000 -0.712200 0.000000
0.593800 -0.804600 0.000000
0.483600 -0.875300 0.000000
0.379800 -0.925100 0.000000
0.271700 -0.962400 0.000000
0.155600 -0.987800 0.000000
0.059600 -0.998200 0.000000
0.008000 -1.000000 0.000000
-0.022100 -0.999800 0.000000
-0.087300 -0.996200 0.000000
-0.182900 -0.983100 0.000000
-0.273600 -0.961900 0.000000
-0.367000 -0.930200 0.000000
-0.416800 -0.909000 0.000000
-0.405400 0.914100 -0.000000
-0.361100 0.932500 -0.000000
-0.259900 0.965600 -0.000000
-0.141900 0.989900 -0.000000
-0.045600 0.999000 -0.000000
0.024500 0.999700 -0.000000
0.102400 0.994700 -0.000000
0.185900 0.982600 -0.000000
0.114100 0.993500 -0.000000
0.999800 -0.018800 0.000000
0.999900 0.010400 -0.000000
0.999200 0.039600 -0.000000
-0.999700 -0.024300 0.000000
-0.998800 -0.048800 0.000000
-0.998800 -0.048500 0.000000
-0.015900 -0.999900 0.000000
0.019300 -0.999800 0.000000
0.054500 -0.998500 0.000000
895
0 0 1 2 0 0 0 1
0 0 2 3 0 0 0 1
0 3 2 4 1 1 1 1
0 3 4 5 1 1 1 1
0 5 4 6 2 2 2 1
0 5 6 7 2 2 2 1
0 7 6 8 3 3 3 1
0 7 8 9 3 3 3 1
0 9 8 10 4 4 4 1
0 9 10 11 4 4 4 1
0 11 10 12 1 1 1 1
0 11 12 13 1 1 1 1
0 14 15 16 1 1 1 1
0 14 16 17 1 1 1 1
0 18 19 20 5 5 5 1
0 18 20 21 6 6 6 1
0 21 20 22 7 7 7 1
0 21 22 23 7 7 7 1
0 23 22 24 1 1 1 1
0 23 24 25 1 1 1 1
0 26 27 28 3 3 3 1
0 26 28 29 3 3 3 1
0 29 28 30 4 4 4 1
0 29 30 31 4 4 4 1
0 31 30 32 1 1 1 1
0 31 32 33 1 1 1 1
0 34 35 36 8 8 8 1
0 34 36 37 8 8 8 1
0 37 36 38 9 9 9 1
0 37 38 39 9 9 9 1
0 39 38 40 10 10 10 1
0 39 40 41 10 10 10 1
0 42 43 44 11 11 11 1
0 42 44 45 11 11 11 1
0 45 44 46 12 12 12 1
0 45 46 47 12 12 12 1
0 47 46 48 9 9 9 1
0 47 48 49 9 9 9 1
0 49 48 50 13 13 13 1
0 49 50 51 13 13 13 1
0 51 50 52 9 9 9 1
0 51 52 53 9 9 9 1
0 53 52 54 10 10 10 1
0 53 54 55 10 10 10 1
0 56 57 58 14 14 14 1
0 56 58 59 14 14 14 1
0 59 58 60 4 4 4 1
0 59 60 61 4 4 4 1
0 62 63 64 15 15 15 1
0 62 64 65 15 15 15 1
0 65 64 66 16 16 16 1
0 65 66 67 16 16 16 1
0 67 66 68 17 17 17 1
0 67 68 69 17 17 17 1
0 69 68 70 18 18 18 1
0 69 70 71 18 18 18 1
0 72 73 74 19 19 19 1
0 72 74 75 20 20 20 1
0 75 74 76 21 21 21 1
0 75 76 77 21 21 21 1
0 77 76 78 22 22 22 1
0 77 78 79 22 22 22 1
0 79 78 80 23 23 23 1
0 79 80 81 23 23 23 1
0 81 80 82 4 4 4 1
0 81 82 83 4 4 4 1
0 83 82 84 1 1 1 1
0 83 84 85 1 1 1 1
0 85 84 86 9 9 9 1
0 85 86 87 9 9 9 1
0 87 86 88 24 24 24 1
0 87 88 89 24 24 24 1
0 89 88 90 25 25 25 1
0 89 90 91 25 25 25 1
0 91 90 92 9 9 9 1
0 91 92 93 9 9 9 1
0 93 92 94 10 10 10 1
0 93 94 95 10 10 10 1
0 96 97 98 26 26 26 1
0 96 98 99 27 27 27 1
0 99 98 100 4 4 4 1
0 99 100 101 4 4 4 1
0 101 100 102 28 28 28 1
0 101 102 103 28 28 28 1
0 104 105 106 29 29 29 1
0 104 106 107 29 29 29 1
0 108 109 110 30 30 31 1
0 108 110 111 30 30 31 1
0 112 113 114 32 32 32 1
0 113 115 116 32 32 32 1
0 115 117 118 32 32 32 1
0 117 119 120 32 32 32 1
0 121 122 119 32 32 32 1
0 123 124 125 32 32 32 1
0 124 126 125 32 32 32 1
0 127 122 121 32 32 32 1
0 128 129 122 32 32 32 1
0 130 131 128 32 32 32 1
0 132 133 134 32 32 32 1
0 135 136 137 32 32 32 1
0 135 138 139 32 32 32 1
0 138 140 139 32 32 32 1
0 141 142 143 32 32 32 1
0 144 145 141 32 32 32 1
0 146 147 148 32 32 32 1
0 149 150 147 32 32 32 1
0 151 152 150 32 32 32 1
0 153 154 152 32 32 32 1
0 155 156 154 32 32 32 1
0 157 158 156 32 32 32 1
0 159 160 158 32 32 32 1
0 161 162 160 32 32 32 1
0 163 164 162 32 32 32 1
0 165 166 163 32 32 32 1
0 167 168 165 32 32 32 1
0 169 170 165 32 32 32 1
0 171 172 173 32 32 32 1
0 174 175 172 32 32 32 1
0 176 177 175 32 32 32 1
0 178 179 180 32 32 32 1
0 181 182 183 32 32 32 1
0 184 185 181 32 32 32 1
0 186 187 188 32 32 32 1
0 186 189 190 32 32 32 1
0 189 191 190 32 32 32 1
0 192 193 194 32 32 32 1
0 192 195 196 32 32 32 1
0 195 197 198 32 32 32 1
0 197 199 198 32 32 32 1
0 200 201 196 32 32 32 1
0 202 203 204 32 32 32 1
0 202 205 206 32 32 32 1
0 205 207 206 32 32 32 1
0 208 204 203 32 32 32 1
0 209 210 204 32 32 32 1
0 211 201 212 32 32 32 1
0 213 214 215 32 32 32 1
0 216 217 215 32 32 32 1
0 216 218 217 32 32 32 1
0 219 220 221 32 32 32 1
0 219 222 223 32 32 32 1
0 222 224 223 32 32 32 1
0 225 194 193 32 32 32 1
0 226 227 183 32 32 32 1
0 228 229 230 32 32 32 1
0 229 231 230 32 32 32 1
0 232 227 226 32 32 32 1
0 233 179 227 32 32 32 1
0 234 235 233 32 32 32 1
0 236 237 238 32 32 32 1
0 239 240 241 32 32 32 1
0 239 242 243 32 32 32 1
0 244 245 246 32 32 32 1
0 244 247 144 32 32 32 1
0 248 145 144 32 32 32 1
0 248 249 250 32 32 32 1
0 251 143 142 32 32 32 1
0 252 253 143 32 32 32 1
0 254 137 136 32 32 32 1
0 254 255 256 32 32 32 1
0 257 258 256 32 32 32 1
0 259 260 258 32 32 32 1
0 259 261 262 32 32 32 1
0 261 263 264 32 32 32 1
0 263 265 266 32 32 32 1
0 265 267 268 32 32 32 1
0 267 269 270 32 32 32 1
0 271 134 133 32 32 32 1
0 272 273 134 32 32 32 1
0 274 275 273 32 32 32 1
0 276 131 130 32 32 32 1
0 277 278 129 32 32 32 1
0 279 280 281 32 32 32 1
0 282 283 281 32 32 32 1
0 284 285 283 32 32 32 1
0 286 287 285 32 32 32 1
0 288 289 287 32 32 32 1
0 290 291 289 32 32 32 1
0 290 292 293 32 32 32 1
0 294 295 292 32 32 32 1
0 296 297 298 32 32 32 1
0 299 300 298 32 32 32 1
0 301 302 303 32 32 32 1
0 301 304 305 32 32 32 1
0 304 306 307 32 32 32 1
0 306 308 309 32 32 32 1
0 308 310 311 32 32 32 1
0 310 312 311 32 32 32 1
0 313 314 305 32 32 32 1
0 315 303 302 32 32 32 1
0 316 317 300 32 32 32 1
0 318 319 316 32 32 32 1
0 320 321 316 32 32 32 1
0 320 322 323 32 32 32 1
0 322 324 325 32 32 32 1
0 324 326 325 32 32 32 1
0 327 328 325 32 32 32 1
0 329 330 327 32 32 32 1
0 331 332 333 32 32 32 1
0 332 334 333 32 32 32 1
0 335 336 337 32 32 32 1
0 338 339 336 32 32 32 1
0 340 341 339 32 32 32 1
0 342 343 341 32 32 32 1
0 344 345 343 32 32 32 1
0 346 347 348 32 32 32 1
0 349 350 351 32 32 32 1
0 352 353 349 32 32 32 1
0 354 355 349 32 32 32 1
0 356 357 354 32 32 32 1
0 358 355 354 32 32 32 1
0 359 346 360 32 32 32 1
0 361 347 346 32 32 32 1
0 362 345 344 32 32 32 1
0 363 364 365 32 32 32 1
0 366 367 364 32 32 32 1
0 368 369 367 32 32 32 1
0 112 329 369 32 32 32 1
0 175 177 234 32 32 32 1
0 166 170 370 32 32 32 1
0 371 246 245 32 32 32 1
0 372 241 240 32 32 32 1
0 373 374 375 32 32 32 1
0 374 376 377 32 32 32 1
0 376 378 379 32 32 32 1
0 378 380 381 32 32 32 1
0 382 383 384 32 32 32 1
0 385 386 387 32 32 32 1
0 388 389 390 32 32 32 1
0 391 392 393 32 32 32 1
0 391 394 395 32 32 32 1
0 394 396 395 32 32 32 1
0 397 398 395 32 32 32 1
0 399 393 392 32 32 32 1
0 400 390 389 32 32 32 1
0 401 402 403 33 33 33 1
0 404 405 406 32 32 32 1
0 407 401 406 32 32 32 1
0 408 409 407 32 32 32 1
0 410 411 412 32 32 32 1
0 411 413 414 32 32 32 1
0 415 416 417 32 32 32 1
0 418 419 420 32 32 32 1
0 418 421 422 32 32 32 1
0 421 423 424 32 32 32 1
0 425 426 424 32 32 32 1
0 427 428 429 32 32 32 1
0 429 430 431 32 32 32 1
0 430 432 427 32 32 32 1
0 433 428 427 32 32 32 1
0 434 435 433 32 32 32 1
0 436 437 438 32 32 32 1
0 439 440 441 32 32 32 1
0 442 443 440 32 32 32 1
0 444 445 443 32 32 32 1
0 446 447 445 32 32 32 1
0 448 449 447 32 32 32 1
0 450 451 449 32 32 32 1
0 450 373 452 32 32 32 1
0 382 403 453 32 32 32 1
0 454 383 382 32 32 32 1
0 455 441 440 32 32 32 1
0 455 456 435 32 32 32 1
0 457 458 435 32 32 32 1
0 424 426 457 32 32 32 1
0 459 417 416 32 32 32 1
0 453 409 408 32 32 32 1
0 329 112 114 32 32 32 1
0 114 330 329 32 32 32 1
0 116 114 113 32 32 32 1
0 118 116 115 32 32 32 1
0 120 118 117 32 32 32 1
0 122 120 119 32 32 32 1
0 119 123 121 32 32 32 1
0 125 121 123 32 32 32 1
0 127 121 125 32 32 32 1
0 125 126 127 32 32 32 1
0 120 122 129 32 32 32 1
0 122 127 128 32 32 32 1
0 118 120 129 32 32 32 1
0 116 118 129 32 32 32 1
0 116 129 328 32 32 32 1
0 129 278 328 32 32 32 1
0 114 116 328 32 32 32 1
0 328 330 114 32 32 32 1
0 131 129 128 32 32 32 1
0 128 460 130 32 32 32 1
0 132 134 273 32 32 32 1
0 132 273 275 32 32 32 1
0 132 275 130 32 32 32 1
0 130 460 132 32 32 32 1
0 135 137 256 32 32 32 1
0 132 135 256 32 32 32 1
0 132 256 258 32 32 32 1
0 132 258 260 32 32 32 1
0 132 260 262 32 32 32 1
0 132 262 264 32 32 32 1
0 132 264 266 32 32 32 1
0 132 266 268 32 32 32 1
0 132 268 270 32 32 32 1
0 270 133 132 32 32 32 1
0 135 139 461 32 32 32 1
0 461 136 135 32 32 32 1
0 141 143 253 32 32 32 1
0 141 253 461 32 32 32 1
0 141 461 139 32 32 32 1
0 139 140 141 32 32 32 1
0 141 145 250 32 32 32 1
0 462 144 141 32 32 32 1
0 250 142 141 32 32 32 1
0 462 141 463 32 32 32 1
0 463 464 462 32 32 32 1
0 463 146 148 32 32 32 1
0 148 464 463 32 32 32 1
0 147 146 149 32 32 32 1
0 150 149 151 32 32 32 1
0 152 151 153 32 32 32 1
0 154 153 155 32 32 32 1
0 156 155 157 32 32 32 1
0 158 157 159 32 32 32 1
0 160 159 161 32 32 32 1
0 162 161 163 32 32 32 1
0 166 164 163 32 32 32 1
0 163 167 165 32 32 32 1
0 170 166 165 32 32 32 1
0 165 168 169 32 32 32 1
0 169 171 173 32 32 32 1
0 173 170 169 32 32 32 1
0 172 171 174 32 32 32 1
0 175 174 176 32 32 32 1
0 180 179 235 32 32 32 1
0 180 183 178 32 32 32 1
0 180 235 177 32 32 32 1
0 177 176 180 32 32 32 1
0 181 183 180 32 32 32 1
0 180 184 181 32 32 32 1
0 186 188 181 32 32 32 1
0 188 182 181 32 32 32 1
0 181 185 186 32 32 32 1
0 190 187 186 32 32 32 1
0 192 194 187 32 32 32 1
0 194 188 187 32 32 32 1
0 192 187 190 32 32 32 1
0 190 191 192 32 32 32 1
0 192 196 221 32 32 32 1
0 465 221 196 32 32 32 1
0 221 193 192 32 32 32 1
0 196 211 465 32 32 32 1
0 198 196 195 34 34 34 1
0 201 211 196 32 32 32 1
0 200 196 198 32 32 32 1
0 198 199 200 32 32 32 1
0 202 204 210 32 32 32 1
0 200 202 210 32 32 32 1
0 210 201 200 32 32 32 1
0 206 203 202 32 32 32 1
0 207 208 203 32 32 32 1
0 203 206 207 32 32 32 1
0 204 208 209 32 32 32 1
0 212 201 210 32 32 32 1
0 212 465 211 32 32 32 1
0 215 212 210 32 32 32 1
0 215 210 209 32 32 32 1
0 209 213 215 32 32 32 1
0 217 212 215 32 32 32 1
0 215 214 216 32 32 32 1
0 219 221 217 32 32 32 1
0 212 217 221 32 32 32 1
0 217 218 219 32 32 32 1
0 221 465 212 32 32 32 1
0 223 220 219 32 32 32 1
0 225 193 220 32 32 32 1
0 193 221 220 32 32 32 1
0 225 220 223 32 32 32 1
0 223 224 225 32 32 32 1
0 227 178 183 32 32 32 1
0 226 183 182 32 32 32 1
0 226 182 188 32 32 32 1
0 226 188 194 32 32 32 1
0 226 194 225 32 32 32 1
0 225 228 226 32 32 32 1
0 230 226 228 32 32 32 1
0 232 226 230 32 32 32 1
0 230 231 232 32 32 32 1
0 179 178 227 32 32 32 1
0 227 232 233 32 32 32 1
0 235 179 233 32 32 32 1
0 233 236 234 32 32 32 1
0 238 234 236 32 32 32 1
0 237 239 241 32 32 32 1
0 241 238 237 32 32 32 1
0 243 240 239 32 32 32 1
0 244 246 243 32 32 32 1
0 243 242 244 32 32 32 1
0 244 144 462 32 32 32 1
0 462 245 244 32 32 32 1
0 144 247 248 32 32 32 1
0 250 145 248 32 32 32 1
0 249 251 142 32 32 32 1
0 142 250 249 32 32 32 1
0 143 251 252 32 32 32 1
0 252 254 136 32 32 32 1
0 253 252 136 32 32 32 1
0 136 461 253 32 32 32 1
0 256 137 254 32 32 32 1
0 256 255 257 32 32 32 1
0 258 257 259 32 32 32 1
0 262 260 259 32 32 32 1
0 264 262 261 32 32 32 1
0 266 264 263 32 32 32 1
0 268 266 265 32 32 32 1
0 270 268 267 32 32 32 1
0 269 271 133 32 32 32 1
0 133 270 269 32 32 32 1
0 134 271 272 32 32 32 1
0 273 272 274 32 32 32 1
0 276 130 275 32 32 32 1
0 275 274 276 32 32 32 1
0 291 277 129 32 32 32 1
0 289 291 129 32 32 32 1
0 289 129 131 32 32 32 1
0 287 289 131 32 32 32 1
0 285 287 131 32 32 32 1
0 283 285 131 32 32 32 1
0 281 283 131 32 32 32 1
0 281 131 276 32 32 32 1
0 276 279 281 32 32 32 1
0 281 280 282 32 32 32 1
0 283 282 284 32 32 32 1
0 285 284 286 32 32 32 1
0 287 286 288 32 32 32 1
0 289 288 290 32 32 32 1
0 291 290 293 32 32 32 1
0 293 277 291 32 32 32 1
0 295 293 292 32 32 32 1
0 292 296 294 32 32 32 1
0 298 294 296 32 32 32 1
0 298 297 299 32 32 32 1
0 299 301 303 32 32 32 1
0 303 300 299 32 32 32 1
0 301 305 314 32 32 32 1
0 314 302 301 32 32 32 1
0 307 305 304 32 32 32 1
0 309 307 306 32 32 32 1
0 311 309 308 32 32 32 1
0 313 305 307 32 32 32 1
0 313 307 309 32 32 32 1
0 313 309 311 32 32 32 1
0 311 312 313 32 32 32 1
0 315 302 314 32 32 32 1
0 314 313 315 32 32 32 1
0 298 300 317 32 32 32 1
0 316 300 315 32 32 32 1
0 294 298 317 32 32 32 1
0 317 295 294 32 32 32 1
0 300 303 315 32 32 32 1
0 315 318 316 32 32 32 1
0 321 317 316 32 32 32 1
0 316 319 320 32 32 32 1
0 323 321 320 32 32 32 1
0 325 323 322 32 32 32 1
0 323 325 328 32 32 32 1
0 325 326 327 32 32 32 1
0 321 323 328 32 32 32 1
0 317 321 328 32 32 32 1
0 317 328 278 32 32 32 1
0 317 278 277 32 32 32 1
0 317 277 293 32 32 32 1
0 293 295 317 32 32 32 1
0 330 328 327 32 32 32 1
0 369 329 327 32 32 32 1
0 367 369 327 32 32 32 1
0 367 327 337 32 32 32 1
0 327 331 337 32 32 32 1
0 367 337 336 32 32 32 1
0 367 336 339 32 32 32 1
0 367 339 341 32 32 32 1
0 367 341 343 32 32 32 1
0 364 367 343 32 32 32 1
0 343 365 364 32 32 32 1
0 333 337 331 32 32 32 1
0 335 337 333 35 35 35 1
0 333 334 335 32 32 32 1
0 336 335 338 32 32 32 1
0 339 338 340 32 32 32 1
0 341 340 342 32 32 32 1
0 345 365 343 32 32 32 1
0 348 344 343 32 32 32 1
0 343 342 348 32 32 32 1
0 347 344 348 32 32 32 1
0 360 346 348 32 32 32 1
0 348 351 360 32 32 32 1
0 350 360 351 32 32 32 1
0 351 352 349 32 32 32 1
0 355 350 349 32 32 32 1
0 356 354 349 32 32 32 1
0 349 353 356 32 32 32 1
0 354 357 358 32 32 32 1
0 359 360 350 32 32 32 1
0 359 350 355 32 32 32 1
0 355 358 359 32 32 32 1
0 346 359 361 32 32 32 1
0 362 344 347 32 32 32 1
0 347 361 362 32 32 32 1
0 363 365 345 32 32 32 1
0 345 362 363 32 32 32 1
0 364 363 366 32 32 32 1
0 367 366 368 32 32 32 1
0 369 368 112 32 32 32 1
0 177 235 234 32 32 32 1
0 172 175 234 32 32 32 1
0 172 234 372 32 32 32 1
0 372 234 238 32 32 32 1
0 172 372 466 32 32 32 1
0 238 241 372 32 32 32 1
0 466 173 172 32 32 32 1
0 466 370 170 32 32 32 1
0 164 166 370 32 32 32 1
0 170 173 466 32 32 32 1
0 162 164 370 32 32 32 1
0 160 162 370 32 32 32 1
0 158 160 370 32 32 32 1
0 156 158 370 32 32 32 1
0 154 156 370 32 32 32 1
0 152 154 370 32 32 32 1
0 150 152 370 32 32 32 1
0 147 150 370 32 32 32 1
0 370 148 147 32 32 32 1
0 370 371 245 32 32 32 1
0 370 245 464 32 32 32 1
0 245 462 464 32 32 32 1
0 464 148 370 32 32 32 1
0 372 240 243 32 32 32 1
0 371 372 243 36 36 36 1
0 243 246 371 32 32 32 1
0 375 452 373 32 32 32 1
0 377 375 374 32 32 32 1
0 379 377 376 32 32 32 1
0 381 379 378 32 32 32 1
0 385 384 383 32 32 32 1
0 384 403 382 32 32 32 1
0 380 385 383 32 32 32 1
0 383 381 380 32 32 32 1
0 387 384 385 32 32 32 1
0 386 388 390 32 32 32 1
0 390 387 386 32 32 32 1
0 391 393 389 32 32 32 1
0 389 388 391 32 32 32 1
0 391 395 398 32 32 32 1
0 398 392 391 32 32 32 1
0 395 396 397 32 32 32 1
0 397 399 392 32 32 32 1
0 392 398 397 32 32 32 1
0 400 389 393 32 32 32 1
0 393 399 400 32 32 32 1
0 401 403 384 32 32 32 1
0 401 384 400 32 32 32 1
0 400 384 387 32 32 32 1
0 406 401 400 32 32 32 1
0 387 390 400 32 32 32 1
0 400 404 406 32 32 32 1
0 406 405 407 32 32 32 1
0 401 407 409 32 32 32 1
0 407 410 408 32 32 32 1
0 409 402 401 32 32 32 1
0 412 408 410 32 32 32 1
0 414 412 411 32 32 32 1
0 413 415 417 32 32 32 1
0 417 414 413 32 32 32 1
0 415 418 420 32 32 32 1
0 420 416 415 32 32 32 1
0 422 419 418 32 32 32 1
0 424 422 421 32 32 32 1
0 424 423 425 32 32 32 1
0 425 429 428 32 32 32 1
0 429 431 427 32 32 32 1
0 425 428 458 32 32 32 1
0 428 467 458 32 32 32 1
0 458 426 425 32 32 32 1
0 427 431 430 32 32 32 1
0 427 432 433 32 32 32 1
0 428 433 435 32 32 32 1
0 433 436 434 32 32 32 1
0 435 467 428 32 32 32 1
0 438 434 436 32 32 32 1
0 437 439 441 32 32 32 1
0 441 438 437 32 32 32 1
0 440 439 442 32 32 32 1
0 443 442 444 32 32 32 1
0 445 444 446 32 32 32 1
0 447 446 448 32 32 32 1
0 449 448 450 32 32 32 1
0 452 451 450 32 32 32 1
0 453 403 402 32 32 32 1
0 453 468 382 32 32 32 1
0 402 409 453 32 32 32 1
0 382 468 454 32 32 32 1
0 455 440 443 32 32 32 1
0 455 443 445 32 32 32 1
0 455 445 447 32 32 32 1
0 455 447 449 32 32 32 1
0 455 449 451 32 32 32 1
0 454 455 451 32 32 32 1
0 454 451 452 32 32 32 1
0 454 452 375 32 32 32 1
0 454 375 377 32 32 32 1
0 454 377 379 32 32 32 1
0 454 379 381 32 32 32 1
0 381 383 454 32 32 32 1
0 455 435 434 32 32 32 1
0 455 434 438 32 32 32 1
0 438 441 455 32 32 32 1
0 458 467 435 32 32 32 1
0 435 456 457 32 32 32 1
0 426 458 457 32 32 32 1
0 422 424 457 32 32 32 1
0 419 422 457 32 32 32 1
0 420 419 457 32 32 32 1
0 457 469 420 32 32 32 1
0 459 416 420 32 32 32 1
0 420 469 459 32 32 32 1
0 459 453 408 37 37 37 1
0 459 408 412 32 32 32 1
0 459 412 414 32 32 32 1
0 414 417 459 32 32 32 1
0 470 471 472 38 38 39 1
0 470 472 473 38 39 39 1
0 473 472 474 39 39 40 1
0 473 474 475 39 40 40 1
0 475 474 476 40 40 41 1
0 475 476 477 40 41 41 1
0 477 476 478 41 41 42 1
0 477 478 479 41 42 42 1
0 479 478 480 42 42 43 1
0 479 480 481 42 43 43 1
0 481 480 482 43 43 44 1
0 481 482 483 43 44 44 1
0 483 482 484 44 44 45 1
0 483 484 485 44 45 45 1
0 485 484 486 45 45 46 1
0 485 486 487 45 46 46 1
0 487 486 488 46 46 47 1
0 487 488 489 46 47 47 1
0 489 488 490 47 47 48 1
0 489 490 491 47 48 48 1
0 491 490 492 48 48 49 1
0 491 492 493 48 49 49 1
0 493 492 494 49 49 50 1
0 493 494 495 49 50 50 1
0 495 494 496 50 50 51 1
0 495 496 497 50 51 51 1
0 497 496 498 51 51 52 1
0 497 498 499 51 52 52 1
0 499 498 500 52 52 53 1
0 499 500 501 52 53 53 1
0 501 500 502 53 53 54 1
0 501 502 503 53 54 54 1
0 503 502 504 54 54 55 1
0 503 504 505 54 55 55 1
0 505 504 506 55 55 56 1
0 505 506 507 55 56 56 1
0 507 506 508 56 56 57 1
0 507 508 509 56 57 57 1
0 509 508 510 57 57 58 1
0 509 510 511 57 58 58 1
0 511 510 512 58 58 59 1
0 511 512 513 58 59 59 1
0 513 512 514 59 59 60 1
0 513 514 515 59 60 60 1
0 515 514 516 60 60 61 1
0 515 516 517 60 61 61 1
0 517 516 518 61 61 62 1
0 517 518 519 61 62 62 1
0 519 518 520 62 62 63 1
0 519 520 521 62 63 63 1
0 521 520 522 63 63 64 1
0 521 522 523 63 64 64 1
0 523 522 524 64 64 65 1
0 523 524 525 64 65 65 1
0 525 524 526 65 65 66 1
0 525 526 527 65 66 66 1
0 527 526 528 66 66 67 1
0 527 528 529 66 67 68 1
0 529 528 1 68 67 69 1
0 529 1 0 68 69 70 1
0 13 12 530 71 71 72 1
0 13 530 531 71 72 72 1
0 531 530 532 72 72 73 1
0 531 532 533 72 73 73 1
0 533 532 534 73 73 74 1
0 533 534 535 73 74 74 1
0 535 534 536 74 74 75 1
0 535 536 537 74 75 75 1
0 537 536 538 75 75 76 1
0 537 538 539 75 76 76 1
0 539 538 540 76 76 77 1
0 539 540 541 76 77 77 1
0 541 540 542 77 77 78 1
0 541 542 543 77 78 78 1
0 543 542 544 78 78 79 1
0 543 544 545 78 79 79 1
0 545 544 546 79 79 80 1
0 545 546 547 79 80 80 1
0 547 546 548 80 80 81 1
0 547 548 549 80 81 81 1
0 549 548 550 81 81 82 1
0 549 550 551 81 82 82 1
0 551 550 15 82 82 83 1
0 551 15 14 82 83 83 1
0 17 16 552 84 84 85 1
0 17 552 553 84 85 85 1
0 553 552 554 85 85 86 1
0 553 554 555 85 86 86 1
0 555 554 556 86 86 87 1
0 555 556 557 86 87 87 1
0 557 556 558 87 87 88 1
0 557 558 559 87 88 88 1
0 559 558 560 88 88 89 1
0 559 560 561 88 89 89 1
0 561 560 562 89 89 90 1
0 561 562 563 89 90 90 1
0 563 562 19 90 90 91 1
0 563 19 18 90 91 91 1
0 25 24 564 92 92 93 1
0 25 564 565 92 93 93 1
0 565 564 566 93 93 94 1
0 565 566 567 93 94 94 1
0 567 566 568 94 94 95 1
0 567 568 569 94 95 95 1
0 569 568 570 95 95 96 1
0 569 570 571 95 96 96 1
0 571 570 27 96 96 97 1
0 571 27 26 96 97 97 1
0 33 32 572 98 98 99 1
0 33 572 573 98 99 99 1
0 573 572 574 99 99 100 1
0 573 574 575 99 100 100 1
0 575 574 576 100 100 101 1
0 575 576 577 100 101 101 1
0 577 576 578 101 101 102 1
0 577 578 579 101 102 102 1
0 579 578 580 102 102 103 1
0 579 580 581 102 103 103 1
0 581 580 35 103 103 104 1
0 581 35 34 103 104 105 1
0 41 40 582 106 106 107 1
0 41 582 583 106 107 107 1
0 583 582 584 107 107 108 1
0 583 584 585 107 108 108 1
0 585 584 586 108 108 109 1
0 585 586 587 108 109 109 1
0 587 586 588 109 109 110 1
0 587 588 589 109 110 110 1
0 589 588 590 110 110 111 1
0 589 590 591 110 111 111 1
0 591 590 592 111 111 112 1
0 591 592 593 111 112 112 1
0 593 592 594 112 112 113 1
0 593 594 595 112 113 113 1
0 595 594 596 113 113 114 1
0 595 596 597 113 114 114 1
0 597 596 43 114 114 9 1
0 597 43 42 114 9 9 1
0 55 54 598 115 115 116 1
0 55 598 599 115 116 116 1
0 599 598 600 116 116 117 1
0 599 600 601 116 117 117 1
0 601 600 602 117 117 118 1
0 601 602 603 117 118 118 1
0 603 602 604 118 118 119 1
0 603 604 605 118 119 119 1
0 605 604 606 119 119 120 1
0 605 606 607 119 120 121 1
0 607 606 608 121 120 122 1
0 607 608 609 121 122 122 1
0 609 608 610 122 122 123 1
0 609 610 611 122 123 123 1
0 611 610 612 123 123 124 1
0 611 612 613 123 124 125 1
0 613 612 614 125 124 126 1
0 613 614 615 125 126 126 1
0 615 614 616 126 126 127 1
0 615 616 617 126 127 127 1
0 617 616 618 127 127 128 1
0 617 618 619 127 128 128 1
0 619 618 620 128 128 129 1
0 619 620 621 128 129 129 1
0 621 620 622 129 129 130 1
0 621 622 623 129 130 131 1
0 623 622 624 132 132 133 1
0 623 624 625 132 133 133 1
0 625 624 626 133 133 134 1
0 625 626 627 133 134 135 1
0 627 626 628 135 134 136 1
0 627 628 629 135 136 136 1
0 629 628 630 136 136 137 1
0 629 630 631 136 137 137 1
0 631 630 632 137 137 138 1
0 631 632 633 137 138 138 1
0 633 632 634 138 138 139 1
0 633 634 635 138 139 139 1
0 635 634 636 139 139 140 1
0 635 636 637 139 140 140 1
0 637 636 638 140 140 141 1
0 637 638 639 140 141 141 1
0 639 638 640 141 141 142 1
0 639 640 641 141 142 142 1
0 641 640 642 142 142 143 1
0 641 642 643 142 143 144 1
0 643 642 644 144 143 145 1
0 643 644 645 144 145 146 1
0 645 644 646 147 148 149 1
0 645 646 647 147 149 149 1
0 647 646 648 149 149 150 1
0 647 648 649 149 150 150 1
0 649 648 650 150 150 151 1
0 649 650 651 150 151 151 1
0 651 650 652 151 151 152 1
0 651 652 653 151 152 152 1
0 653 652 654 152 152 153 1
0 653 654 655 152 153 153 1
0 655 654 57 153 153 9 1
0 655 57 56 153 9 9 1
0 61 60 656 154 154 155 1
0 61 656 657 154 155 156 1
0 657 656 658 156 155 157 1
0 657 658 659 156 157 158 1
0 659 658 660 158 157 159 1
0 659 660 661 158 159 159 1
0 661 660 662 159 159 160 1
0 661 662 663 159 160 160 1
0 663 662 664 160 160 161 1
0 663 664 665 160 161 161 1
0 665 664 666 161 161 162 1
0 665 666 667 161 162 162 1
0 667 666 668 162 162 163 1
0 667 668 669 162 163 164 1
0 670 671 672 165 166 167 1
0 670 672 673 165 167 167 1
0 673 672 674 167 167 168 1
0 673 674 675 167 168 168 1
0 675 674 676 168 168 169 1
0 675 676 677 168 169 169 1
0 677 676 678 169 169 170 1
0 677 678 679 169 170 170 1
0 679 678 680 170 170 171 1
0 679 680 681 170 171 171 1
0 681 680 682 171 171 172 1
0 681 682 683 171 172 172 1
0 683 682 684 172 172 173 1
0 683 684 685 172 173 173 1
0 685 684 686 173 173 174 1
0 685 686 687 173 174 174 1
0 687 686 688 174 174 175 1
0 687 688 689 174 175 175 1
0 689 688 690 175 175 176 1
0 689 690 691 175 176 176 1
0 691 690 692 176 176 177 1
0 691 692 693 176 177 177 1
0 693 692 694 177 177 178 1
0 693 694 695 177 178 178 1
0 695 694 696 178 178 179 1
0 695 696 697 178 179 179 1
0 697 696 73 179 179 180 1
0 697 73 72 179 180 180 1
0 95 94 698 181 181 182 1
0 95 698 699 181 182 182 1
0 699 698 700 182 182 183 1
0 699 700 701 182 183 183 1
0 701 700 702 183 183 184 1
0 701 702 703 183 184 184 1
0 703 702 704 184 184 185 1
0 703 704 705 184 185 185 1
0 705 704 706 185 185 186 1
0 705 706 707 185 186 186 1
0 707 706 708 186 186 187 1
0 707 708 709 186 187 187 1
0 709 708 710 187 187 188 1
0 709 710 711 187 188 188 1
0 711 710 712 188 188 189 1
0 711 712 713 188 189 189 1
0 713 712 97 189 189 9 1
0 713 97 96 189 9 9 1
0 714 715 716 190 190 191 1
0 714 716 717 190 191 191 1
0 717 716 105 191 191 192 1
0 717 105 104 191 192 192 1
0 107 106 718 13 13 193 1
0 107 718 719 13 193 193 1
0 719 718 720 193 193 194 1
0 719 720 721 193 194 195 1
0 721 720 722 196 196 197 1
0 721 722 723 196 197 197 1
0 723 722 109 197 197 198 1
0 723 109 108 197 198 198 1