// MilkShape 3D ASCII

Frames: 30
Frame: 1

Meshes: 1
"default" 1 0
34
1 -0.195090 1.000000 0.980785 0.009607 0.000000 -1
1 0.000000 1.000000 1.000000 0.000000 0.000000 -1
1 0.000000 -1.000000 1.000000 0.000000 1.000000 -1
1 -0.195090 -1.000000 0.980785 0.009607 1.000000 -1
1 -0.382683 1.000000 0.923880 0.038061 0.000000 -1
1 -0.382683 -1.000000 0.923880 0.038061 1.000000 -1
1 -0.555570 1.000000 0.831470 0.084266 0.000000 -1
1 -0.555570 -1.000000 0.831470 0.084266 1.000000 -1
1 -0.707107 1.000000 0.707107 0.146447 0.000000 -1
1 -0.707107 -1.000000 0.707107 0.146447 1.000000 -1
1 -0.831470 1.000000 0.555570 0.222215 0.000000 -1
1 -0.831470 -1.000000 0.555570 0.222215 1.000000 -1
1 -0.923880 1.000000 0.382683 0.308658 0.000000 -1
1 -0.923880 -1.000000 0.382683 0.308658 1.000000 -1
1 -0.980785 1.000000 0.195090 0.402455 0.000000 -1
1 -0.980785 -1.000000 0.195090 0.402455 1.000000 -1
1 -1.000000 1.000000 0.000000 0.500000 0.000000 -1
1 -1.000000 -1.000000 0.000000 0.500000 1.000000 -1
1 -0.980785 1.000000 -0.195090 0.597545 0.000000 -1
1 -0.980785 -1.000000 -0.195090 0.597545 1.000000 -1
1 -0.923880 1.000000 -0.382683 0.691342 0.000000 -1
1 -0.923880 -1.000000 -0.382683 0.691342 1.000000 -1
1 -0.831470 1.000000 -0.555570 0.777785 0.000000 -1
1 -0.831470 -1.000000 -0.555570 0.777785 1.000000 -1
1 -0.707107 1.000000 -0.707107 0.853553 0.000000 -1
1 -0.707107 -1.000000 -0.707107 0.853553 1.000000 -1
1 -0.555570 1.000000 -0.831470 0.915734 0.000000 -1
1 -0.555570 -1.000000 -0.831470 0.915734 1.000000 -1
1 -0.382683 1.000000 -0.923880 0.961939 0.000000 -1
1 -0.382683 -1.000000 -0.923880 0.961939 1.000000 -1
1 -0.195090 1.000000 -0.980785 0.990393 0.000000 -1
1 -0.195090 -1.000000 -0.980785 0.990393 1.000000 -1
1 0.000000 1.000000 -1.000000 1.000000 0.000000 -1
1 0.000000 -1.000000 -1.000000 1.000000 1.000000 -1
32
0.162803 0.000000 -0.986659
0.098019 0.000000 -0.995185
0.227166 0.000000 -0.973856
0.352160 0.000000 -0.935940
0.412791 0.000000 -0.910826
0.527988 0.000000 -0.849252
0.582553 0.000000 -0.812792
0.683524 0.000000 -0.729928
0.729928 0.000000 -0.683524
0.812792 0.000000 -0.582553
0.849252 0.000000 -0.527988
0.910826 0.000000 -0.412791
0.935940 0.000000 -0.352160
0.973856 0.000000 -0.227166
0.986659 0.000000 -0.162803
0.999461 0.000000 -0.032813
0.999461 0.000000 0.032813
0.986659 0.000000 0.162803
0.973856 0.000000 0.227166
0.935940 0.000000 0.352160
0.910826 0.000000 0.412791
0.849252 0.000000 0.527988
0.812792 0.000000 0.582553
0.729928 0.000000 0.683524
0.683524 0.000000 0.729928
0.582553 0.000000 0.812792
0.527988 0.000000 0.849252
0.412791 0.000000 0.910826
0.352160 0.000000 0.935940
0.227166 0.000000 0.973856
0.162803 0.000000 0.986659
0.098019 0.000000 0.995185
32
1 0 1 2 0 1 1 1
1 3 0 2 2 0 1 1
1 4 0 3 3 0 2 1
1 5 4 3 4 3 2 1
1 6 4 5 5 3 4 1
1 7 6 5 6 5 4 1
1 8 6 7 7 5 6 1
1 9 8 7 8 7 6 1
1 10 8 9 9 7 8 1
1 11 10 9 10 9 8 1
1 12 10 11 11 9 10 1
1 13 12 11 12 11 10 1
1 14 12 13 13 11 12 1
1 15 14 13 14 13 12 1
1 16 14 15 15 13 14 1
1 17 16 15 16 15 14 1
1 18 16 17 17 15 16 1
1 19 18 17 18 17 16 1
1 20 18 19 19 17 18 1
1 21 20 19 20 19 18 1
1 22 20 21 21 19 20 1
1 23 22 21 22 21 20 1
1 24 22 23 23 21 22 1
1 25 24 23 24 23 22 1
1 26 24 25 25 23 24 1
1 27 26 25 26 25 24 1
1 28 26 27 27 25 26 1
1 29 28 27 28 27 26 1
1 30 28 29 29 27 28 1
1 31 30 29 30 29 28 1
1 32 30 31 31 29 30 1
1 33 32 31 31 31 30 1
