// MilkShape 3D ASCII

Frames: 30
Frame: 1

Meshes: 2
"default" 0 0
48
0 1.500000 21.000000 -0.000002 0.000000 0.059122 -1
0 1.500000 28.000000 -0.000002 0.000000 0.000000 -1
0 -1.500000 28.000000 -0.000002 0.000000 0.000000 -1
0 -1.500000 21.000000 -0.000002 0.000000 0.059122 -1
0 -8.000000 21.500000 -0.000002 0.000000 0.054899 -1
0 -4.000000 18.500000 -0.000001 0.000000 0.080236 -1
0 -1.500000 4.000000 -0.000000 0.000000 0.202703 -1
0 0.000000 5.000000 -0.000000 0.000000 0.194257 -1
0 -4.000000 9.000000 -0.000001 0.000000 0.160473 -1
0 -4.000000 6.500000 -0.000000 0.000000 0.181588 -1
0 1.500000 4.000000 -0.000000 0.000000 0.202703 -1
0 4.000000 6.500000 -0.000000 0.000000 0.181588 -1
0 4.000000 9.000000 -0.000001 0.000000 0.160473 -1
0 4.000000 18.500000 -0.000001 0.000000 0.080236 -1
0 8.000000 21.500000 -0.000002 0.000000 0.054899 -1
0 4.000000 -5.000000 0.000000 0.000000 0.278716 -1
0 19.500000 5.000000 -0.000000 0.000000 0.194257 -1
0 18.500000 10.000000 -0.000001 0.000000 0.152027 -1
0 10.000000 0.000000 0.000000 0.000000 0.236486 -1
0 8.500000 -6.000000 0.000000 0.000000 0.287162 -1
0 5.500000 -6.000000 0.000000 0.000000 0.287162 -1
0 0.000000 -9.000000 0.000001 0.000000 0.312500 -1
0 1.500000 -10.000000 0.000001 0.000000 0.320946 -1
0 -1.500000 -10.000000 0.000001 0.000000 0.320946 -1
0 -4.000000 -5.000000 0.000000 0.000000 0.278716 -1
0 -5.500000 -6.000000 0.000000 0.000000 0.287162 -1
0 -10.000000 0.000000 0.000000 0.000000 0.236486 -1
0 -8.500000 -6.000000 0.000000 0.000000 0.287162 -1
0 -18.500000 10.000000 -0.000001 0.000000 0.152027 -1
0 -19.500000 5.000000 -0.000000 0.000000 0.194257 -1
0 -23.500000 10.000000 -0.000001 0.000000 0.152027 -1
0 -22.000000 5.000000 -0.000000 0.000000 0.194257 -1
0 -28.000000 5.500000 -0.000000 0.000000 0.190034 -1
0 -23.000000 4.000000 -0.000000 0.000000 0.202703 -1
0 -23.000000 1.500000 -0.000000 0.000000 0.223818 -1
0 -28.000000 0.500000 -0.000000 0.000000 0.232264 -1
0 0.000000 -27.500000 0.000002 0.000000 0.468750 -1
0 0.000000 -21.500000 0.000002 0.000000 0.418074 -1
0 28.000000 0.500000 -0.000000 0.000000 0.232264 -1
0 23.000000 1.500000 -0.000000 0.000000 0.223818 -1
0 28.000000 5.500000 -0.000000 0.000000 0.190034 -1
0 23.000000 4.000000 -0.000000 0.000000 0.202703 -1
0 23.500000 10.000000 -0.000001 0.000000 0.152027 -1
0 22.000000 5.000000 -0.000000 0.000000 0.194257 -1
0 8.000000 0.000000 0.000000 0.000000 0.236486 -1
0 -8.000000 0.000000 0.000000 0.000000 0.236486 -1
0 -10.000000 1.500000 -0.000000 0.000000 0.223818 -1
0 10.000000 1.500000 -0.000000 0.000000 0.223818 -1
1
-0.000000 -0.000000 1.000000
48
0 0 1 2 0 0 0 1
0 2 3 0 0 0 0 1
0 3 2 4 0 0 0 1
0 3 4 5 0 0 0 1
0 6 7 8 0 0 0 1
0 8 9 6 0 0 0 1
0 6 10 7 0 0 0 1
0 11 12 7 0 0 0 1
0 10 11 7 0 0 0 1
0 13 14 1 0 0 0 1
0 13 1 0 0 0 0 1
0 14 13 15 0 0 0 1
0 16 17 18 0 0 0 1
0 19 16 18 0 0 0 1
0 20 19 18 0 0 0 1
0 15 20 18 0 0 0 1
0 21 22 20 0 0 0 1
0 15 21 20 0 0 0 1
0 23 22 21 0 0 0 1
0 24 25 23 0 0 0 1
0 24 23 21 0 0 0 1
0 26 25 24 0 0 0 1
0 26 27 25 0 0 0 1
0 28 29 27 0 0 0 1
0 27 26 28 0 0 0 1
0 28 30 29 0 0 0 1
0 30 31 29 0 0 0 1
0 32 33 31 0 0 0 1
0 31 30 32 0 0 0 1
0 32 34 33 0 0 0 1
0 32 35 34 0 0 0 1
0 36 37 34 0 0 0 1
0 34 35 36 0 0 0 1
0 36 38 39 0 0 0 1
0 36 39 37 0 0 0 1
0 38 40 39 0 0 0 1
0 40 41 39 0 0 0 1
0 42 43 41 0 0 0 1
0 42 41 40 0 0 0 1
0 16 43 42 0 0 0 1
0 16 42 17 0 0 0 1
0 15 18 44 0 0 0 1
0 14 15 44 0 0 0 1
0 26 24 45 0 0 0 1
0 45 24 5 0 0 0 1
0 5 4 45 0 0 0 1
0 26 46 28 0 0 0 1
0 17 47 18 0 0 0 1
"Frame" 0 1
82
0 -1.500000 -10.000000 0.000001 0.315908 0.001033 -1
0 -5.500000 -6.000000 0.000000 0.315908 0.001033 -1
0 -8.500000 -6.000000 0.000000 0.315908 0.001033 -1
0 1.500000 28.000000 -0.000002 0.761963 0.250000 -1
0 2.000000 30.000000 -0.000002 0.765625 0.234375 -1
0 -2.000000 30.000000 -0.000002 0.736328 0.234375 -1
0 -1.500000 28.000000 -0.000002 0.739990 0.250000 -1
0 8.000000 21.500000 -0.000002 0.809570 0.300781 -1
0 10.000000 22.000000 -0.000002 0.824219 0.296875 -1
0 10.000000 0.000000 0.000000 0.824219 0.468750 -1
0 10.000000 4.015488 -0.000001 0.824219 0.382812 -1
0 18.500000 10.000000 -0.000001 0.886475 0.390625 -1
0 18.000000 12.000000 -0.000001 0.882813 0.375000 -1
0 10.000000 4.015488 -0.000001 0.824219 0.437500 -1
0 23.500000 10.000000 -0.000001 0.923096 0.390625 -1
0 24.000000 12.000000 -0.000001 0.926758 0.375000 -1
0 -18.500000 10.000000 -0.000001 0.615479 0.390625 -1
0 -10.000000 3.670148 -0.000001 0.677734 0.437500 -1
0 -18.000000 12.000000 -0.000001 0.619141 0.375000 -1
0 -10.000000 0.000000 0.000000 0.677734 0.468750 -1
0 -8.000000 21.500000 -0.000002 0.692383 0.300781 -1
0 -10.000000 22.000000 -0.000002 0.677734 0.296875 -1
0 -10.000000 3.670148 -0.000001 0.677734 0.382812 -1
0 28.000000 5.500000 -0.000000 0.956055 0.425781 -1
0 30.000000 6.000000 -0.000000 0.970703 0.421875 -1
0 30.000000 0.000000 0.000000 0.970703 0.468750 -1
0 28.000000 0.500000 -0.000000 0.956055 0.464844 -1
0 0.000000 -27.500000 0.000002 0.750977 0.683594 -1
0 0.000000 -30.000000 0.000002 0.750977 0.703125 -1
0 -28.000000 0.500000 -0.000000 0.545898 0.464844 -1
0 -30.000000 0.000000 0.000000 0.531250 0.468750 -1
0 -28.000000 5.500000 -0.000000 0.545898 0.425781 -1
0 -30.000000 6.000000 -0.000000 0.531250 0.421875 -1
0 -23.500000 10.000000 -0.000001 0.578857 0.390625 -1
0 -24.000000 12.000000 -0.000001 0.575195 0.375000 -1
0 8.000000 0.000000 0.000000 0.809570 0.468750 -1
0 -8.000000 0.000000 0.000000 0.692383 0.468750 -1
0 -10.000000 1.500000 -0.000000 0.677734 0.457031 -1
0 10.000000 1.500000 -0.000000 0.824219 0.457031 -1
0 1.500000 21.000000 -0.000002 0.061865 0.001033 -1
0 -1.500000 21.000000 -0.000002 0.061865 0.001033 -1
0 -4.000000 18.500000 -0.000001 0.061865 0.001033 -1
0 4.000000 18.500000 -0.000001 0.061865 0.001033 -1
0 -4.000000 9.000000 -0.000001 0.061865 0.001033 -1
0 4.000000 9.000000 -0.000001 0.061865 0.001033 -1
0 0.000000 5.000000 -0.000000 0.061865 0.001033 -1
0 1.500000 4.000000 -0.000000 0.198399 0.001033 -1
0 4.000000 -5.000000 0.000000 0.198399 0.001033 -1
0 4.000000 6.500000 -0.000000 0.198399 0.001033 -1
0 0.000000 -9.000000 0.000001 0.198399 0.001033 -1
0 -1.500000 4.000000 -0.000000 0.198399 0.001033 -1
0 -4.000000 6.500000 -0.000000 0.198399 0.001033 -1
0 -4.000000 -5.000000 0.000000 0.198399 0.001033 -1
0 0.000000 -21.500000 0.000002 0.315908 0.001033 -1
0 1.500000 -10.000000 0.000001 0.315908 0.001033 -1
0 8.500000 -6.000000 0.000000 0.315908 0.001033 -1
0 23.000000 4.000000 -0.000000 0.318005 0.001033 -1
0 22.000000 5.000000 -0.000000 0.318005 0.001033 -1
0 19.500000 5.000000 -0.000000 0.318005 0.001033 -1
0 23.000000 1.500000 -0.000000 0.318005 0.001033 -1
0 -19.500000 5.000000 -0.000000 0.314366 0.001033 -1
0 -22.000000 5.000000 -0.000000 0.314366 0.001033 -1
0 -23.000000 4.000000 -0.000000 0.314366 0.001033 -1
0 -23.000000 1.500000 -0.000000 0.314366 0.001033 -1
0 5.500000 -6.000000 0.000000 0.315908 0.001033 -1
0 -30.000000 6.000000 -8.183376 0.531250 0.421875 -1
0 -30.000000 0.000000 -8.183376 0.531250 0.468750 -1
0 10.000000 22.000000 -8.183378 0.824219 0.296875 -1
0 2.000000 30.000000 -8.183378 0.765625 0.234375 -1
0 -24.000000 12.000000 -8.183377 0.575195 0.375000 -1
0 10.000000 4.015488 -8.183376 0.824219 0.382812 -1
0 30.000000 6.000000 -8.183376 0.970703 0.421875 -1
0 24.000000 12.000000 -8.183377 0.926758 0.375000 -1
0 0.000000 -30.000000 -8.183374 0.750977 0.703125 -1
0 30.000000 0.000000 -8.183376 0.970703 0.468750 -1
0 18.000000 12.000000 -8.183377 0.882813 0.375000 -1
0 10.000000 4.015488 -8.183376 0.824219 0.437500 -1
0 -2.000000 30.000000 -8.183378 0.736328 0.234375 -1
0 -10.000000 22.000000 -8.183378 0.677734 0.296875 -1
0 -10.000000 3.670148 -8.183376 0.677734 0.382812 -1
0 -10.000000 3.670148 -8.183376 0.677734 0.437500 -1
0 -18.000000 12.000000 -8.183377 0.619141 0.375000 -1
23
-0.000000 -0.000000 1.000000
0.297100 0.717300 0.630300
-0.297100 0.717300 0.630300
0.717300 0.297100 0.630300
0.082000 0.197600 0.976900
-0.296700 0.717400 0.630300
-0.077600 0.192900 0.978100
0.304900 0.715500 0.628600
-0.717300 0.297100 0.630300
0.717300 -0.297100 0.630300
-0.000000 -0.816500 0.577400
-0.717300 -0.297100 0.630300
-0.923900 0.382700 -0.000000
-0.923900 -0.382700 -0.000000
0.923900 0.382700 -0.000000
0.382700 0.923900 -0.000000
-0.382700 0.923900 -0.000000
0.383100 0.923700 -0.000000
-0.000000 -1.000000 -0.000000
0.923900 -0.382700 -0.000000
-0.382200 0.924100 -0.000000
-0.373300 0.927700 -0.000000
0.392000 0.920000 -0.000000
85
0 0 1 2 0 0 0 1
0 3 4 5 0 1 2 1
0 6 3 5 0 0 2 1
0 7 8 4 0 3 1 1
0 4 3 7 1 0 0 1
0 8 7 9 3 0 0 1
0 8 9 10 3 0 4 1
0 11 12 13 0 5 4 1
0 14 15 12 0 1 5 1
0 12 11 14 5 0 0 1
0 16 17 18 0 6 7 1
0 19 20 21 0 0 8 1
0 19 21 22 0 8 6 1
0 20 6 5 0 0 2 1
0 20 5 21 0 2 8 1
0 23 24 15 0 3 1 1
0 15 14 23 1 0 0 1
0 25 24 23 9 3 0 1
0 23 26 25 0 0 9 1
0 27 28 25 0 10 9 1
0 25 26 27 9 0 0 1
0 27 29 30 0 0 11 1
0 30 28 27 11 10 0 1
0 31 32 30 0 8 11 1
0 30 29 31 11 0 0 1
0 33 34 32 0 2 8 1
0 32 31 33 8 0 0 1
0 16 18 34 0 7 2 1
0 34 33 16 2 0 0 1
0 7 35 9 0 0 0 1
0 19 36 20 0 0 0 1
0 37 17 16 0 6 0 1
0 11 13 38 0 4 0 1
0 39 40 41 0 0 0 1
0 41 42 39 0 0 0 1
0 43 44 42 0 0 0 1
0 43 42 41 0 0 0 1
0 43 45 44 0 0 0 1
0 46 47 48 0 0 0 1
0 49 47 46 0 0 0 1
0 49 46 50 0 0 0 1
0 49 50 51 0 0 0 1
0 51 52 49 0 0 0 1
0 0 53 54 0 0 0 1
0 53 55 54 0 0 0 1
0 53 0 2 0 0 0 1
0 56 57 58 0 0 0 1
0 58 59 56 0 0 0 1
0 60 61 62 0 0 0 1
0 60 62 63 0 0 0 1
0 53 2 60 0 0 0 1
0 60 63 53 0 0 0 1
0 58 55 53 0 0 0 1
0 53 59 58 0 0 0 1
0 54 55 64 0 0 0 1
0 30 32 65 11 8 12 1
0 30 65 66 11 12 13 1
0 4 8 67 1 3 14 1
0 4 67 68 1 14 15 1
0 32 34 69 8 2 16 1
0 32 69 65 8 16 12 1
0 8 10 70 3 4 17 1
0 8 70 67 3 17 14 1
0 15 24 71 1 3 14 1
0 15 71 72 1 14 15 1
0 25 28 73 9 10 18 1
0 25 73 74 9 18 19 1
0 13 12 75 4 5 20 1
0 13 75 76 4 20 17 1
0 24 25 74 3 9 19 1
0 24 74 71 3 19 14 1
0 21 5 77 8 2 16 1
0 21 77 78 8 16 12 1
0 28 30 66 10 11 13 1
0 28 66 73 10 13 18 1
0 22 21 78 6 8 12 1
0 22 78 79 6 12 21 1
0 18 17 80 7 6 21 1
0 18 80 81 7 21 22 1
0 34 18 81 2 7 22 1
0 34 81 69 2 22 16 1
0 12 15 72 5 1 15 1
0 12 72 75 5 15 20 1
0 5 4 68 2 1 15 1
0 5 68 77 2 15 16 1