// MilkShape 3D ASCII

Frames: 30
Frame: 1

Meshes: 4
"default" 0 1
44
0 0.113039 -0.001954 0.091902 0.706813 0.489797 -1
0 0.102899 -0.097095 0.091902 0.689723 0.724137 -1
0 0.115309 -0.010061 0.091902 0.710649 0.509765 -1
0 0.102579 -0.002257 0.091902 0.689173 0.490543 -1
0 0.032619 -0.127352 0.091902 0.571198 0.798662 -1
0 -0.025101 -0.209094 0.091902 0.473869 1.000000 -1
0 0.041899 -0.209094 0.091902 0.586847 1.000000 -1
0 0.018829 -0.170260 0.091902 0.547945 0.904350 -1
0 -0.013101 -0.112097 0.091902 0.494105 0.761089 -1
0 0.052899 0.002902 0.091902 0.605404 0.477835 -1
0 0.014899 0.119904 0.091902 0.541323 0.189650 -1
0 0.065589 0.124930 0.091902 0.626805 0.177269 -1
0 0.023899 0.196900 0.091902 0.556500 0.000000 -1
0 0.063619 0.152279 0.091902 0.623471 0.109906 -1
0 0.097899 0.196900 0.091902 0.681281 0.000000 -1
0 0.125899 0.091903 0.091902 0.728500 0.258618 -1
0 0.129799 0.003419 0.091902 0.735085 0.476561 -1
0 0.207599 0.150241 0.091902 0.866275 0.114925 -1
0 0.286889 0.196900 0.091902 1.000000 0.000000 -1
0 0.178899 0.196900 0.091902 0.817885 0.000000 -1
0 0.176899 -0.001095 0.091902 0.814505 0.487680 -1
0 0.244899 -0.209094 0.091902 0.929174 1.000000 -1
0 0.174239 -0.157854 0.091902 0.810016 0.873792 -1
0 0.135899 -0.209094 0.091902 0.745371 1.000000 -1
0 -0.210211 0.156992 0.091902 0.161704 0.098299 -1
0 -0.191101 -0.022096 0.091902 0.193931 0.539407 -1
0 -0.201151 0.150514 0.091902 0.176987 0.114254 -1
0 -0.213101 -0.209094 0.091902 0.156822 1.000000 -1
0 -0.254161 -0.162919 0.091902 0.087580 0.886268 -1
0 -0.306101 -0.209094 0.091902 0.000000 1.000000 -1
0 -0.217141 0.150823 0.091902 0.150006 0.113493 -1
0 -0.258101 0.196900 0.091902 0.080945 0.000000 -1
0 -0.168101 0.196900 0.091902 0.232709 0.000000 -1
0 -0.083761 -0.169181 0.091902 0.374938 0.901691 -1
0 -0.103101 0.008903 0.091902 0.342322 0.463054 -1
0 -0.093581 -0.162190 0.091902 0.358387 0.884471 -1
0 -0.081101 0.196900 0.091902 0.379431 0.000000 -1
0 -0.039651 0.150318 0.091902 0.449334 0.114736 -1
0 0.012899 0.196900 0.091902 0.537940 0.000000 -1
0 -0.076901 -0.163075 0.091902 0.386510 0.886652 -1
0 -0.036101 -0.209094 0.091902 0.455308 1.000000 -1
0 -0.127101 -0.209094 0.091902 0.301857 1.000000 -1
0 0.128689 -0.011275 0.091902 0.733204 0.512754 -1
0 0.102719 -0.000720 0.091902 0.689413 0.486757 -1
1
-0.000000 0.000000 1.000000
60
0 0 1 2 0 0 0 1
0 3 4 1 0 0 0 1
0 5 6 7 0 0 0 1
0 4 8 7 0 0 0 1
0 3 9 4 0 0 0 1
0 10 9 11 0 0 0 1
0 12 10 13 0 0 0 1
0 14 12 13 0 0 0 1
0 2 15 0 0 0 0 1
0 16 17 15 0 0 0 1
0 18 19 17 0 0 0 1
0 16 20 17 0 0 0 1
0 21 20 22 0 0 0 1
0 23 21 22 0 0 0 1
0 24 25 26 0 0 0 1
0 27 25 28 0 0 0 1
0 29 27 28 0 0 0 1
0 30 31 28 0 0 0 1
0 26 32 24 0 0 0 1
0 33 34 35 0 0 0 1
0 36 34 37 0 0 0 1
0 38 36 37 0 0 0 1
0 39 40 37 0 0 0 1
0 35 41 33 0 0 0 1
0 2 1 42 0 0 0 1
0 42 1 22 0 0 0 1
0 23 22 1 0 0 0 1
0 1 0 3 0 0 0 1
0 4 7 1 0 0 0 1
0 43 3 0 0 0 0 1
0 6 1 7 0 0 0 1
0 5 7 8 0 0 0 1
0 8 4 9 0 0 0 1
0 11 9 43 0 0 0 1
0 3 43 9 0 0 0 1
0 11 13 10 0 0 0 1
0 0 15 43 0 0 0 1
0 43 15 11 0 0 0 1
0 11 15 13 0 0 0 1
0 14 13 15 0 0 0 1
0 15 2 16 0 0 0 1
0 19 15 17 0 0 0 1
0 42 16 2 0 0 0 1
0 18 17 20 0 0 0 1
0 22 20 42 0 0 0 1
0 16 42 20 0 0 0 1
0 26 25 35 0 0 0 1
0 41 35 25 0 0 0 1
0 28 25 30 0 0 0 1
0 24 30 25 0 0 0 1
0 29 28 31 0 0 0 1
0 32 31 24 0 0 0 1
0 30 24 31 0 0 0 1
0 35 34 26 0 0 0 1
0 32 26 34 0 0 0 1
0 37 34 39 0 0 0 1
0 33 39 34 0 0 0 1
0 38 37 40 0 0 0 1
0 41 40 33 0 0 0 1
0 39 33 40 0 0 0 1
"Back" 0 0
84
0 0.112402 -0.000777 0.087500 0.000000 1.000000 -1
0 0.099252 -0.128894 0.087500 0.000000 1.000000 -1
0 0.115592 -0.012002 0.087500 0.000000 1.000000 -1
0 0.102051 -0.002397 0.087500 0.000000 1.000000 -1
0 0.013352 -0.162995 0.087500 0.000000 1.000000 -1
0 -0.077609 -0.164178 0.087500 0.000000 1.000000 -1
0 -0.084809 -0.170577 0.087500 0.000000 1.000000 -1
0 -0.047319 -0.198302 0.087500 0.000000 1.000000 -1
0 -0.209829 0.157111 0.087500 0.000000 1.000000 -1
0 -0.185069 -0.076635 0.087500 0.000000 1.000000 -1
0 -0.201421 0.151102 0.087500 0.000000 1.000000 -1
0 -0.202509 -0.222559 0.087500 0.000000 1.000000 -1
0 -0.254240 -0.164278 0.087500 0.000000 1.000000 -1
0 -0.319896 -0.222559 0.087500 0.000000 1.000000 -1
0 -0.216550 0.151146 0.087500 0.000000 1.000000 -1
0 -0.268290 0.209436 0.087500 0.000000 1.000000 -1
0 -0.159706 0.209436 0.087500 0.000000 1.000000 -1
0 -0.109359 0.062072 0.087500 0.000000 1.000000 -1
0 -0.093498 -0.164362 0.087500 0.000000 1.000000 -1
0 -0.035898 0.146508 0.087500 0.000000 1.000000 -1
0 -0.091748 0.209436 0.087500 0.000000 1.000000 -1
0 -0.041138 0.141030 0.087500 0.000000 1.000000 -1
0 0.058602 0.147238 0.087500 0.000000 1.000000 -1
0 0.106192 0.209435 0.087500 0.000000 1.000000 -1
0 0.049992 0.153499 0.087500 0.000000 1.000000 -1
0 0.129132 0.124800 0.087500 0.000000 1.000000 -1
0 0.129911 0.003176 0.087500 0.000000 1.000000 -1
0 0.207572 0.150825 0.087500 0.000000 1.000000 -1
0 0.307092 0.209435 0.087500 0.000000 1.000000 -1
0 0.171291 0.209435 0.087500 0.000000 1.000000 -1
0 0.189562 -0.002498 0.087500 0.000000 1.000000 -1
0 0.261681 -0.222559 0.087500 0.000000 1.000000 -1
0 0.174281 -0.159230 0.087500 0.000000 1.000000 -1
0 0.127002 -0.222559 0.087500 0.000000 1.000000 -1
0 -0.008959 -0.081696 0.087500 0.000000 1.000000 -1
0 0.039712 0.003953 0.087500 0.000000 1.000000 -1
0 0.011622 0.090528 0.087500 0.000000 1.000000 -1
0 0.011612 0.090527 0.087500 0.000000 1.000000 -1
0 0.128722 -0.013148 0.087500 0.000000 1.000000 -1
0 0.048982 -0.222559 0.087500 0.000000 1.000000 -1
0 0.102302 0.000379 0.087500 0.000000 1.000000 -1
0 -0.135078 -0.222559 0.087500 0.000000 1.000000 -1
0 0.127002 -0.222559 -0.087500 0.000000 1.000000 -1
0 0.099252 -0.128894 -0.087500 0.000000 1.000000 -1
0 0.048982 -0.222559 -0.087500 0.000000 1.000000 -1
0 -0.135078 -0.222559 -0.087500 0.000000 1.000000 -1
0 -0.185069 -0.076635 -0.087500 0.000000 1.000000 -1
0 -0.202509 -0.222559 -0.087500 0.000000 1.000000 -1
0 -0.319896 -0.222559 -0.087500 0.000000 1.000000 -1
0 -0.268290 0.209436 -0.087500 0.000000 1.000000 -1
0 -0.159706 0.209436 -0.087500 0.000000 1.000000 -1
0 -0.109359 0.062072 -0.087500 0.000000 1.000000 -1
0 -0.091748 0.209436 -0.087500 0.000000 1.000000 -1
0 0.106192 0.209435 -0.087500 0.000000 1.000000 -1
0 0.129132 0.124800 -0.087500 0.000000 1.000000 -1
0 0.171291 0.209435 -0.087500 0.000000 1.000000 -1
0 0.307092 0.209435 -0.087500 0.000000 1.000000 -1
0 0.189562 -0.002498 -0.087500 0.000000 1.000000 -1
0 0.261681 -0.222559 -0.087500 0.000000 1.000000 -1
0 0.011612 0.090527 -0.087500 0.000000 1.000000 -1
0 -0.008959 -0.081696 -0.087500 0.000000 1.000000 -1
0 0.039712 0.003953 -0.087500 0.000000 1.000000 -1
0 0.011622 0.090528 -0.087500 0.000000 1.000000 -1
0 0.112402 -0.000777 -0.087500 0.000000 1.000000 -1
0 0.115592 -0.012002 -0.087500 0.000000 1.000000 -1
0 0.013352 -0.162995 -0.087500 0.000000 1.000000 -1
0 0.102051 -0.002397 -0.087500 0.000000 1.000000 -1
0 -0.084809 -0.170577 -0.087500 0.000000 1.000000 -1
0 -0.077609 -0.164178 -0.087500 0.000000 1.000000 -1
0 -0.047319 -0.198302 -0.087500 0.000000 1.000000 -1
0 -0.209829 0.157111 -0.087500 0.000000 1.000000 -1
0 -0.201421 0.151102 -0.087500 0.000000 1.000000 -1
0 -0.254240 -0.164278 -0.087500 0.000000 1.000000 -1
0 -0.216550 0.151146 -0.087500 0.000000 1.000000 -1
0 -0.093498 -0.164362 -0.087500 0.000000 1.000000 -1
0 -0.035898 0.146508 -0.087500 0.000000 1.000000 -1
0 -0.041138 0.141030 -0.087500 0.000000 1.000000 -1
0 0.058602 0.147238 -0.087500 0.000000 1.000000 -1
0 0.049992 0.153499 -0.087500 0.000000 1.000000 -1
0 0.207572 0.150825 -0.087500 0.000000 1.000000 -1
0 0.129911 0.003176 -0.087500 0.000000 1.000000 -1
0 0.174281 -0.159230 -0.087500 0.000000 1.000000 -1
0 0.128722 -0.013148 -0.087500 0.000000 1.000000 -1
0 0.102302 0.000379 -0.087500 0.000000 1.000000 -1
20
-0.000000 0.000000 1.000000
-0.958800 -0.284100 0.000000
0.881100 -0.472900 0.000000
0.000000 -1.000000 0.000000
-0.946000 -0.324100 0.000000
0.992900 -0.118700 0.000000
-0.992900 0.118600 -0.000000
0.000000 1.000000 0.000000
0.946300 0.323300 -0.000000
-0.992900 0.118700 -0.000000
0.965200 0.261600 -0.000000
-0.895100 0.445900 -0.000000
0.874500 -0.485000 0.000000
0.950300 0.311400 0.000000
0.992900 -0.118600 0.000000
-0.869400 0.494100 -0.000000
-0.951200 -0.308600 0.000000
0.162200 -0.986800 -0.000000
-0.000000 -0.000000 -1.000000
-0.003200 -0.000000 -1.000000
168
0 0 1 2 0 0 0 1
0 3 4 1 0 0 0 1
0 5 6 7 0 0 0 1
0 8 9 10 0 0 0 1
0 11 9 12 0 0 0 1
0 13 11 12 0 0 0 1
0 14 15 12 0 0 0 1
0 10 16 8 0 0 0 1
0 6 17 18 0 0 0 1
0 19 20 21 0 0 0 1
0 22 23 24 0 0 0 1
0 2 25 0 0 0 0 1
0 26 27 25 0 0 0 1
0 28 29 27 0 0 0 1
0 26 30 27 0 0 0 1
0 31 30 32 0 0 0 1
0 33 31 32 0 0 0 1
0 7 34 5 0 0 0 1
0 35 34 3 0 0 0 1
0 24 36 22 0 0 0 1
0 21 37 19 0 0 0 1
0 2 1 38 0 0 0 1
0 38 1 32 0 0 0 1
0 33 32 1 0 0 0 1
0 1 0 3 0 0 0 1
0 39 1 4 0 0 0 1
0 40 3 0 0 0 0 1
0 7 6 41 0 0 0 1
0 41 39 7 0 0 0 1
0 18 41 6 0 0 0 1
0 4 7 39 0 0 0 1
0 10 9 18 0 0 0 1
0 41 18 9 0 0 0 1
0 12 9 14 0 0 0 1
0 8 14 9 0 0 0 1
0 13 12 15 0 0 0 1
0 16 15 8 0 0 0 1
0 14 8 15 0 0 0 1
0 18 17 10 0 0 0 1
0 16 10 17 0 0 0 1
0 20 17 21 0 0 0 1
0 21 17 5 0 0 0 1
0 6 5 17 0 0 0 1
0 23 20 24 0 0 0 1
0 19 24 20 0 0 0 1
0 0 25 40 0 0 0 1
0 40 25 22 0 0 0 1
0 23 22 25 0 0 0 1
0 25 2 26 0 0 0 1
0 29 25 27 0 0 0 1
0 38 26 2 0 0 0 1
0 28 27 30 0 0 0 1
0 32 30 38 0 0 0 1
0 26 38 30 0 0 0 1
0 5 34 21 0 0 0 1
0 37 21 34 0 0 0 1
0 3 34 4 0 0 0 1
0 7 4 34 0 0 0 1
0 22 36 40 0 0 0 1
0 36 35 40 0 0 0 1
0 3 40 35 0 0 0 1
0 37 36 19 0 0 0 1
0 24 19 36 0 0 0 1
0 42 33 1 1 1 1 1
0 42 1 43 1 1 1 1
0 43 1 39 2 2 2 1
0 43 39 44 2 2 2 1
0 44 39 41 3 3 3 1
0 44 41 45 3 3 3 1
0 45 41 9 4 4 4 1
0 45 9 46 4 4 4 1
0 46 9 11 5 5 5 1
0 46 11 47 5 5 5 1
0 47 11 13 3 3 3 1
0 47 13 48 3 3 3 1
0 48 13 15 6 6 6 1
0 48 15 49 6 6 6 1
0 49 15 16 7 7 7 1
0 49 16 50 7 7 7 1
0 50 16 17 8 8 8 1
0 50 17 51 8 8 8 1
0 51 17 20 9 9 9 1
0 51 20 52 9 9 9 1
0 52 20 23 7 7 7 1
0 52 23 53 7 7 7 1
0 53 23 25 10 10 10 1
0 53 25 54 10 10 10 1
0 54 25 29 11 11 11 1
0 54 29 55 11 11 11 1
0 55 29 28 7 7 7 1
0 55 28 56 7 7 7 1
0 56 28 30 12 12 12 1
0 56 30 57 12 12 12 1
0 57 30 31 13 13 13 1
0 57 31 58 13 13 13 1
0 58 31 33 3 3 3 1
0 58 33 42 3 3 3 1
0 59 37 34 14 14 14 1
0 59 34 60 14 14 14 1
0 60 34 35 15 15 15 1
0 60 35 61 15 15 15 1
0 61 35 36 16 16 16 1
0 61 36 62 16 16 16 1
0 62 36 37 17 17 17 1
0 62 37 59 17 17 17 1
0 43 63 64 18 18 18 1
0 65 66 43 18 18 18 1
0 67 68 69 18 18 18 1
0 46 70 71 18 18 18 1
0 46 47 72 18 18 18 1
0 47 48 72 18 18 18 1
0 49 73 72 18 18 18 1
0 50 71 70 18 18 18 1
0 51 67 74 18 18 18 1
0 52 75 76 18 18 18 1
0 53 77 78 18 18 18 1
0 54 64 63 18 18 18 1
0 79 80 54 18 18 18 1
0 55 56 79 18 18 18 1
0 57 80 79 18 18 18 1
0 57 58 81 18 18 18 1
0 58 42 81 18 18 18 1
0 60 69 68 18 18 18 1
0 60 61 66 18 18 18 1
0 62 78 77 18 18 18 1
0 59 76 75 18 18 18 1
0 43 64 82 18 18 18 1
0 43 82 81 18 18 18 1
0 81 42 43 18 18 18 1
0 63 43 66 18 18 18 1
0 43 44 65 18 18 18 1
0 66 83 63 18 18 18 1
0 67 69 45 18 18 18 1
0 44 45 69 18 18 18 1
0 45 74 67 18 18 18 1
0 69 65 44 18 18 18 1
0 46 71 74 18 18 18 1
0 74 45 46 18 18 18 1
0 46 72 73 18 18 18 1
0 73 70 46 18 18 18 1
0 72 48 49 18 18 18 1
0 49 50 70 18 18 18 1
0 70 73 49 18 18 18 1
0 51 74 71 18 18 18 1
0 71 50 51 18 18 18 1
0 51 52 76 18 18 18 1
0 51 76 68 18 18 18 1
0 68 67 51 18 18 18 1
0 52 53 78 18 18 18 1
0 78 75 52 18 18 18 1
0 54 63 83 18 18 18 1
0 54 83 77 18 18 18 1
0 77 53 54 18 18 18 1
0 64 54 80 18 18 18 1
0 54 55 79 18 18 18 1
0 80 82 64 18 18 18 1
0 79 56 57 18 18 18 1
0 57 81 82 18 18 18 1
0 82 80 57 18 18 18 1
0 60 68 76 18 18 18 1
0 76 59 60 18 18 18 1
0 60 66 65 18 18 18 1
0 65 69 60 18 18 18 1
0 62 77 83 18 18 18 1
0 61 62 83 18 18 18 1
0 83 66 61 18 18 18 1
0 62 59 75 19 19 19 1
0 75 78 62 18 18 18 1
"met" 0 3
44
0 -0.210607 0.155426 0.097889 0.153606 0.082802 -1
0 -0.195327 0.011866 0.097889 0.180395 0.450884 -1
0 -0.202127 0.149379 0.097889 0.168472 0.098306 -1
0 -0.221047 -0.202302 0.097889 0.135298 1.000000 -1
0 -0.255037 -0.163985 0.097889 0.075717 0.901757 -1
0 -0.298227 -0.202302 0.097889 0.000000 1.000000 -1
0 -0.217397 0.149399 0.097889 0.141695 0.098254 -1
0 -0.251397 0.187720 0.097889 0.082105 0.000000 -1
0 -0.174757 0.187720 0.097889 0.216453 0.000000 -1
0 -0.085557 -0.170348 0.097889 0.372814 0.918072 -1
0 -0.100647 -0.028043 0.097889 0.346360 0.553208 -1
0 -0.094317 -0.164094 0.097889 0.357456 0.902035 -1
0 -0.074727 0.187720 0.097889 0.391791 0.000000 -1
0 -0.040657 0.149313 0.097889 0.451515 0.098474 -1
0 0.002633 0.187720 0.097889 0.527407 0.000000 -1
0 -0.078277 -0.163891 0.097889 0.385570 0.901517 -1
0 -0.044207 -0.202302 0.097889 0.445301 1.000000 -1
0 -0.121567 -0.202302 0.097889 0.309682 1.000000 -1
0 0.112263 -0.001289 0.097889 0.719594 0.484610 -1
0 0.104233 -0.077286 0.097889 0.705515 0.679464 -1
0 0.115293 -0.011835 0.097889 0.724893 0.511651 -1
0 0.101353 -0.003566 0.097889 0.700457 0.490449 -1
0 0.022773 -0.143943 0.097889 0.562714 0.850370 -1
0 -0.023767 -0.202284 0.097889 0.481136 0.999954 -1
0 0.036233 -0.202284 0.097889 0.586304 0.999954 -1
0 0.015423 -0.167267 0.097889 0.549824 0.910173 -1
0 -0.015767 -0.131288 0.097889 0.495159 0.817922 -1
0 0.060233 0.000712 0.097889 0.628384 0.479481 -1
0 0.016233 0.135714 0.097889 0.551253 0.133342 -1
0 0.059553 0.139650 0.097889 0.627185 0.123250 -1
0 0.023233 0.187711 0.097889 0.563524 0.000023 -1
0 0.059063 0.146733 0.097889 0.626335 0.105089 -1
0 0.090233 0.187711 0.097889 0.680963 0.000023 -1
0 0.123233 0.068712 0.097889 0.738812 0.305131 -1
0 0.129303 0.003312 0.097889 0.749456 0.472814 -1
0 0.206863 0.149347 0.097889 0.885411 0.098386 -1
0 0.272223 0.187711 0.097889 1.000000 0.000023 -1
0 0.183233 0.187711 0.097889 0.843999 0.000023 -1
0 0.167233 -0.000284 0.097889 0.815943 0.482036 -1
0 0.234233 -0.202284 0.097889 0.933389 0.999954 -1
0 0.173803 -0.158665 0.097889 0.827469 0.888117 -1
0 0.141233 -0.202284 0.097889 0.770374 0.999954 -1
0 0.128103 -0.012987 0.097889 0.747355 0.514604 -1
0 0.101673 -0.000077 0.097889 0.701020 0.481503 -1
1
0.000000 0.000000 1.000000
60
0 0 1 2 0 0 0 1
0 3 1 4 0 0 0 1
0 5 3 4 0 0 0 1
0 6 7 4 0 0 0 1
0 2 8 0 0 0 0 1
0 9 10 11 0 0 0 1
0 12 10 13 0 0 0 1
0 14 12 13 0 0 0 1
0 15 16 13 0 0 0 1
0 11 17 9 0 0 0 1
0 18 19 20 0 0 0 1
0 21 22 19 0 0 0 1
0 23 24 25 0 0 0 1
0 22 26 25 0 0 0 1
0 21 27 22 0 0 0 1
0 28 27 29 0 0 0 1
0 30 28 31 0 0 0 1
0 32 30 31 0 0 0 1
0 20 33 18 0 0 0 1
0 34 35 33 0 0 0 1
0 36 37 35 0 0 0 1
0 34 38 35 0 0 0 1
0 39 38 40 0 0 0 1
0 41 39 40 0 0 0 1
0 2 1 11 0 0 0 1
0 17 11 1 0 0 0 1
0 4 1 6 0 0 0 1
0 0 6 1 0 0 0 1
0 5 4 7 0 0 0 1
0 8 7 0 0 0 0 1
0 6 0 7 0 0 0 1
0 11 10 2 0 0 0 1
0 8 2 10 0 0 0 1
0 13 10 15 0 0 0 1
0 9 15 10 0 0 0 1
0 14 13 16 0 0 0 1
0 17 16 9 0 0 0 1
0 15 9 16 0 0 0 1
0 20 19 42 0 0 0 1
0 42 19 40 0 0 0 1
0 41 40 19 0 0 0 1
0 19 18 21 0 0 0 1
0 19 22 24 0 0 0 1
0 43 21 18 0 0 0 1
0 25 24 22 0 0 0 1
0 23 25 26 0 0 0 1
0 26 22 27 0 0 0 1
0 29 27 43 0 0 0 1
0 21 43 27 0 0 0 1
0 29 31 28 0 0 0 1
0 18 33 43 0 0 0 1
0 43 33 29 0 0 0 1
0 33 32 29 0 0 0 1
0 31 29 32 0 0 0 1
0 33 20 34 0 0 0 1
0 37 33 35 0 0 0 1
0 42 34 20 0 0 0 1
0 36 35 38 0 0 0 1
0 40 38 42 0 0 0 1
0 34 42 38 0 0 0 1
"back" 0 2
96
0 -0.121567 -0.202302 0.092442 1.000000 1.000000 -1
0 -0.121567 -0.202302 0.097889 1.000000 0.000000 -1
0 -0.195327 0.011866 0.097889 0.938224 0.000000 -1
0 -0.195327 0.011866 0.092442 0.938224 1.000000 -1
0 -0.221047 -0.202302 0.097889 0.879394 0.000000 -1
0 -0.221047 -0.202302 0.092442 0.879394 1.000000 -1
0 -0.298227 -0.202302 0.097889 0.858344 0.000000 -1
0 -0.298227 -0.202302 0.092442 0.858344 1.000000 -1
0 -0.251397 0.187720 0.097889 0.751209 0.000000 -1
0 -0.251397 0.187720 0.092442 0.751209 1.000000 -1
0 -0.174757 0.187720 0.097889 0.730307 0.000000 -1
0 -0.174757 0.187720 0.092442 0.730307 1.000000 -1
0 -0.100647 -0.028043 0.097889 0.668088 0.000000 -1
0 -0.100647 -0.028043 0.092442 0.668088 1.000000 -1
0 -0.074727 0.187720 0.097889 0.608819 0.000000 -1
0 -0.074727 0.187720 0.092442 0.608819 1.000000 -1
0 0.002633 0.187720 0.097889 0.587720 0.000000 -1
0 0.002633 0.187720 0.092442 0.587720 1.000000 -1
0 -0.044207 -0.202302 0.097889 0.480585 0.000000 -1
0 -0.044207 -0.202302 0.092442 0.480585 1.000000 -1
0 -0.121567 -0.202302 0.097889 0.459485 0.000000 -1
0 -0.121567 -0.202302 0.092442 0.459485 1.000000 -1
0 0.141233 -0.202284 0.092442 0.459485 1.000000 -1
0 0.141233 -0.202284 0.097889 0.459485 0.000000 -1
0 0.104233 -0.077286 0.097889 0.423933 0.000000 -1
0 0.104233 -0.077286 0.092442 0.423933 1.000000 -1
0 0.036233 -0.202284 0.097889 0.385123 0.000000 -1
0 0.036233 -0.202284 0.092442 0.385123 1.000000 -1
0 -0.023767 -0.202284 0.097889 0.368761 0.000000 -1
0 -0.023767 -0.202284 0.092442 0.368761 1.000000 -1
0 0.023233 0.187711 0.092442 0.254700 1.000000 -1
0 0.023233 0.187711 0.097889 0.254700 0.000000 -1
0 0.090233 0.187711 0.097889 0.236429 0.000000 -1
0 0.090233 0.187711 0.092442 0.236429 1.000000 -1
0 0.123233 0.068712 0.097889 0.202749 0.000000 -1
0 0.123233 0.068712 0.092442 0.202749 1.000000 -1
0 0.183233 0.187711 0.097889 0.166402 0.000000 -1
0 0.183233 0.187711 0.092442 0.166402 1.000000 -1
0 0.272223 0.187711 0.097889 0.142132 0.000000 -1
0 0.272223 0.187711 0.092442 0.142132 1.000000 -1
0 0.167233 -0.000284 0.097889 0.083404 0.000000 -1
0 0.167233 -0.000284 0.092442 0.083404 1.000000 -1
0 0.234233 -0.202284 0.097889 0.025362 0.000000 -1
0 0.234233 -0.202284 0.092442 0.025362 1.000000 -1
0 0.141233 -0.202284 0.097889 0.000000 0.000000 -1
0 0.141233 -0.202284 0.092442 0.000000 1.000000 -1
0 -0.195327 0.011866 0.092442 0.180395 0.450884 -1
0 -0.210607 0.155426 0.092442 0.153606 0.082802 -1
0 -0.202127 0.149379 0.092442 0.168472 0.098306 -1
0 -0.221047 -0.202302 0.092442 0.135298 1.000000 -1
0 -0.255037 -0.163985 0.092442 0.075717 0.901757 -1
0 -0.298227 -0.202302 0.092442 0.000000 1.000000 -1
0 -0.251397 0.187720 0.092442 0.082105 0.000000 -1
0 -0.217397 0.149399 0.092442 0.141695 0.098254 -1
0 -0.174757 0.187720 0.092442 0.216453 0.000000 -1
0 -0.100647 -0.028043 0.092442 0.346360 0.553208 -1
0 -0.085557 -0.170348 0.092442 0.372814 0.918072 -1
0 -0.094317 -0.164094 0.092442 0.357456 0.902035 -1
0 -0.074727 0.187720 0.092442 0.391791 0.000000 -1
0 -0.040657 0.149313 0.092442 0.451515 0.098474 -1
0 0.002633 0.187720 0.092442 0.527407 0.000000 -1
0 -0.044207 -0.202302 0.092442 0.445301 1.000000 -1
0 -0.078277 -0.163891 0.092442 0.385570 0.901517 -1
0 -0.121567 -0.202302 0.092442 0.309682 1.000000 -1
0 0.104233 -0.077286 0.092442 0.705515 0.679464 -1
0 0.112263 -0.001289 0.092442 0.719594 0.484610 -1
0 0.115293 -0.011835 0.092442 0.724893 0.511651 -1
0 0.022773 -0.143943 0.092442 0.562714 0.850370 -1
0 0.101353 -0.003566 0.092442 0.700457 0.490449 -1
0 0.036233 -0.202284 0.092442 0.586304 0.999954 -1
0 -0.023767 -0.202284 0.092442 0.481136 0.999954 -1
0 0.015423 -0.167267 0.092442 0.549824 0.910173 -1
0 -0.015767 -0.131288 0.092442 0.495159 0.817922 -1
0 0.060233 0.000712 0.092442 0.628384 0.479481 -1
0 0.016233 0.135714 0.092442 0.551253 0.133342 -1
0 0.059553 0.139650 0.092442 0.627185 0.123250 -1
0 0.023233 0.187711 0.092442 0.563524 0.000023 -1
0 0.059063 0.146733 0.092442 0.626335 0.105089 -1
0 0.090233 0.187711 0.092442 0.680963 0.000023 -1
0 0.123233 0.068712 0.092442 0.738812 0.305131 -1
0 0.206863 0.149347 0.092442 0.885411 0.098386 -1
0 0.129303 0.003312 0.092442 0.749456 0.472814 -1
0 0.183233 0.187711 0.092442 0.843999 0.000023 -1
0 0.272223 0.187711 0.092442 1.000000 0.000023 -1
0 0.167233 -0.000284 0.092442 0.815943 0.482036 -1
0 0.234233 -0.202284 0.092442 0.933389 0.999954 -1
0 0.173803 -0.158665 0.092442 0.827469 0.888117 -1
0 0.141233 -0.202284 0.092442 0.770374 0.999954 -1
0 0.128103 -0.012987 0.092442 0.747355 0.514604 -1
0 0.101673 -0.000077 0.092442 0.701020 0.481503 -1
0 -0.015767 -0.131288 0.097889 0.349276 0.000000 -1
0 -0.015767 -0.131288 0.092442 0.349276 1.000000 -1
0 0.060233 0.000712 0.097889 0.307735 0.000000 -1
0 0.060233 0.000712 0.092442 0.307735 1.000000 -1
0 0.016233 0.135714 0.097889 0.269009 0.000000 -1
0 0.016233 0.135714 0.092442 0.269009 1.000000 -1
20
-0.945500 -0.325600 0.000000
0.992900 -0.119200 0.000000
0.000000 -1.000000 0.000000
-0.992900 0.119200 0.000000
0.000000 1.000000 0.000000
0.945800 0.324900 0.000000
-0.992900 0.119300 0.000000
-0.958900 -0.283800 0.000000
0.878400 -0.477900 0.000000
0.963600 0.267200 0.000000
-0.892900 0.450200 0.000000
0.873100 -0.487600 0.000000
0.949200 0.314800 0.000000
-0.000000 -0.000000 -1.000000
-0.993700 0.112000 0.000000
-0.950100 0.312000 0.000000
-0.866600 0.499000 0.000000
-0.950800 -0.309900 0.000000
-0.995900 -0.090500 0.000000
-0.991100 0.133400 0.000000
108
0 0 1 2 0 0 0 1
0 0 2 3 0 0 0 1
0 3 2 4 1 1 1 1
0 3 4 5 1 1 1 1
0 5 4 6 2 2 2 1
0 5 6 7 2 2 2 1
0 7 6 8 3 3 3 1
0 7 8 9 3 3 3 1
0 9 8 10 4 4 4 1
0 9 10 11 4 4 4 1
0 11 10 12 5 5 5 1
0 11 12 13 5 5 5 1
0 13 12 14 6 6 6 1
0 13 14 15 6 6 6 1
0 15 14 16 4 4 4 1
0 15 16 17 4 4 4 1
0 17 16 18 1 1 1 1
0 17 18 19 1 1 1 1
0 19 18 20 2 2 2 1
0 19 20 21 2 2 2 1
0 22 23 24 7 7 7 1
0 22 24 25 7 7 7 1
0 25 24 26 8 8 8 1
0 25 26 27 8 8 8 1
0 27 26 28 2 2 2 1
0 27 28 29 2 2 2 1
0 30 31 32 4 4 4 1
0 30 32 33 4 4 4 1
0 33 32 34 9 9 9 1
0 33 34 35 9 9 9 1
0 35 34 36 10 10 10 1
0 35 36 37 10 10 10 1
0 37 36 38 4 4 4 1
0 37 38 39 4 4 4 1
0 39 38 40 11 11 11 1
0 39 40 41 11 11 11 1
0 41 40 42 12 12 12 1
0 41 42 43 12 12 12 1
0 43 42 44 2 2 2 1
0 43 44 45 2 2 2 1
0 46 47 48 13 13 13 1
0 46 49 50 13 13 13 1
0 49 51 50 13 13 13 1
0 52 53 50 13 13 13 1
0 54 48 47 13 13 13 1
0 55 56 57 13 13 13 1
0 55 58 59 13 13 13 1
0 58 60 59 13 13 13 1
0 61 62 59 13 13 13 1
0 63 57 56 13 13 13 1
0 64 65 66 13 13 13 1
0 67 68 64 13 13 13 1
0 69 70 71 13 13 13 1
0 72 67 71 13 13 13 1
0 73 68 67 13 13 13 1
0 73 74 75 13 13 13 1
0 74 76 77 13 13 13 1
0 76 78 77 13 13 13 1
0 79 66 65 13 13 13 1
0 80 81 79 13 13 13 1
0 82 83 80 13 13 13 1
0 84 81 80 13 13 13 1
0 84 85 86 13 13 13 1
0 85 87 86 13 13 13 1
0 46 48 57 13 13 13 1
0 57 63 46 13 13 13 1
0 46 50 53 13 13 13 1
0 53 47 46 13 13 13 1
0 50 51 52 13 13 13 1
0 52 54 47 13 13 13 1
0 47 53 52 13 13 13 1
0 55 57 48 13 13 13 1
0 48 54 55 13 13 13 1
0 55 59 62 13 13 13 1
0 62 56 55 13 13 13 1
0 59 60 61 13 13 13 1
0 61 63 56 13 13 13 1
0 56 62 61 13 13 13 1
0 64 66 88 13 13 13 1
0 64 88 86 13 13 13 1
0 86 87 64 13 13 13 1
0 65 64 68 13 13 13 1
0 67 64 69 13 13 13 1
0 68 89 65 13 13 13 1
0 69 71 67 13 13 13 1
0 71 70 72 13 13 13 1
0 67 72 73 13 13 13 1
0 73 75 89 13 13 13 1
0 89 68 73 13 13 13 1
0 77 75 74 13 13 13 1
0 79 65 89 13 13 13 1
0 79 89 75 13 13 13 1
0 78 79 75 13 13 13 1
0 75 77 78 13 13 13 1
0 66 79 81 13 13 13 1
0 79 82 80 13 13 13 1
0 81 88 66 13 13 13 1
0 80 83 84 13 13 13 1
0 84 86 88 13 13 13 1
0 88 81 84 13 13 13 1
0 29 28 90 14 14 15 1
0 29 90 91 14 15 15 1
0 91 90 92 15 15 16 1
0 91 92 93 15 16 16 1
0 93 92 94 17 17 18 1
0 93 94 95 17 18 18 1
0 95 94 31 18 18 19 1
0 95 31 30 18 19 19 1
