// MilkShape 3D ASCII

Frames: 30
Frame: 1

Meshes: 2
"default" 1 1
374
1 -0.018407 -0.008385 0.008467 0.247893 0.995126 -1
1 -0.016703 -0.008464 0.008467 0.271227 0.999813 -1
1 -0.017803 -0.001402 0.008467 0.256165 0.582788 -1
1 -0.017883 -0.001399 0.008467 0.255073 0.582600 -1
1 -0.017957 -0.001399 0.008467 0.254056 0.582638 -1
1 -0.024298 -0.003631 0.008467 0.167206 0.714430 -1
1 -0.020071 -0.008087 0.008467 0.225112 0.977540 -1
1 -0.022731 -0.002041 0.008467 0.188671 0.620528 -1
1 -0.020049 -0.008204 0.008467 0.225407 0.984439 -1
1 -0.024025 -0.004878 0.008467 0.170957 0.788050 -1
1 -0.026796 -0.008169 0.008467 0.132998 0.982377 -1
1 -0.024142 -0.005028 0.008467 0.169356 0.796887 -1
1 -0.027229 -0.005689 0.008467 0.127075 0.835968 -1
1 -0.024291 -0.000733 0.008467 0.167307 0.543285 -1
1 -0.027782 -0.003521 0.008467 0.119500 0.707895 -1
1 -0.024125 -0.001435 0.008467 0.169579 0.584711 -1
1 -0.027838 -0.003492 0.008467 0.118735 0.706208 -1
1 -0.026487 0.002117 0.008467 0.137236 0.375015 -1
1 -0.033222 -0.000207 0.008467 0.044987 0.512242 -1
1 -0.029938 -0.003492 0.008467 0.089965 0.706208 -1
1 -0.030544 0.002471 0.008467 0.081661 0.354120 -1
1 -0.029939 -0.008177 0.008467 0.089952 0.982864 -1
1 -0.033223 -0.004893 0.008467 0.044980 0.788925 -1
1 -0.036507 -0.008177 0.008467 0.000000 0.982864 -1
1 -0.036507 0.008467 0.008467 0.000000 0.000000 -1
1 -0.026913 0.002460 0.008467 0.131396 0.354737 -1
1 -0.026359 0.003145 0.008467 0.138991 0.314311 -1
1 -0.024874 0.008225 0.008467 0.159328 0.014324 -1
1 -0.025867 0.008406 0.008467 0.145722 0.003618 -1
1 -0.026115 0.003397 0.008467 0.142326 0.299428 -1
1 -0.025887 0.003602 0.008467 0.145455 0.287323 -1
1 -0.025794 0.003694 0.008467 0.146721 0.281891 -1
1 -0.023209 0.007519 0.008467 0.182131 0.056021 -1
1 -0.023985 0.007927 0.008467 0.171495 0.031873 -1
1 -0.025560 0.003892 0.008467 0.149935 0.270173 -1
1 -0.025453 0.003967 0.008467 0.151395 0.265758 -1
1 -0.025434 0.003983 0.008467 0.151658 0.264788 -1
1 -0.022015 0.006380 0.008467 0.198482 0.123235 -1
1 -0.022550 0.007001 0.008467 0.191154 0.086563 -1
1 -0.021610 0.005659 0.008467 0.204030 0.165814 -1
1 -0.021341 0.004842 0.008467 0.207713 0.214092 -1
1 -0.021316 0.004727 0.008467 0.208057 0.220879 -1
1 -0.018506 0.000247 0.008467 0.246534 0.485431 -1
1 -0.018519 0.000278 0.008467 0.246362 0.483574 -1
1 -0.020140 0.005274 0.008467 0.224155 0.188537 -1
1 -0.020731 0.005047 0.008467 0.216067 0.201999 -1
1 -0.019564 0.005427 0.008467 0.232043 0.179519 -1
1 -0.018547 0.005575 0.008467 0.245984 0.170820 -1
1 -0.016428 -0.001401 0.008467 0.274998 0.582714 -1
1 -0.016423 0.005672 0.008467 0.275062 0.165045 -1
1 -0.016512 -0.001402 0.008467 0.273853 0.582808 -1
1 -0.016302 -0.001404 0.008467 0.276727 0.582915 -1
1 -0.016191 -0.001406 0.008467 0.278251 0.583038 -1
1 -0.015224 -0.001403 0.008467 0.291485 0.582850 -1
1 -0.015215 -0.001403 0.008467 0.291613 0.582841 -1
1 -0.014655 0.005588 0.008467 0.299279 0.169995 -1
1 -0.013014 0.005315 0.008467 0.321756 0.186156 -1
1 -0.013603 0.005453 0.008467 0.313686 0.178019 -1
1 -0.014430 0.000261 0.008467 0.302370 0.484568 -1
1 -0.012506 0.005149 0.008467 0.328714 0.195980 -1
1 -0.014234 0.000599 0.008467 0.305043 0.464654 -1
1 -0.012039 0.004946 0.008467 0.335115 0.207961 -1
1 -0.014050 0.000885 0.008467 0.307563 0.447745 -1
1 -0.011612 0.004706 0.008467 0.340963 0.222079 -1
1 -0.013897 0.001100 0.008467 0.309670 0.435059 -1
1 -0.011225 0.004431 0.008467 0.346256 0.238334 -1
1 -0.010829 -0.001533 0.008467 0.351682 0.590510 -1
1 -0.010880 0.004120 0.008467 0.350987 0.256689 -1
1 -0.010834 -0.001529 0.008467 0.351619 0.590267 -1
1 -0.007029 -0.000158 0.008467 0.403735 0.509329 -1
1 -0.007208 0.000188 0.008467 0.401283 0.488915 -1
1 -0.010150 0.004724 0.008467 0.360984 0.221047 -1
1 -0.010544 0.004433 0.008467 0.355583 0.238202 -1
1 -0.007839 0.001174 0.008467 0.392636 0.430662 -1
1 -0.007676 0.000953 0.008467 0.394865 0.443703 -1
1 -0.009691 0.004986 0.008467 0.367267 0.205561 -1
1 -0.007463 0.000628 0.008467 0.397780 0.462924 -1
1 -0.009162 0.005215 0.008467 0.374512 0.192081 -1
1 -0.008559 0.005403 0.008467 0.382774 0.180981 -1
1 -0.007877 0.005544 0.008467 0.392119 0.172601 -1
1 -0.005946 -0.001366 0.008467 0.418559 0.580674 -1
1 -0.006297 0.005687 0.008467 0.413752 0.164164 -1
1 -0.005228 -0.001365 0.008467 0.428401 0.580589 -1
1 -0.005025 0.005699 0.008467 0.431172 0.163470 -1
1 -0.004492 -0.001391 0.008467 0.438479 0.582144 -1
1 -0.004291 -0.001390 0.008467 0.441228 0.582063 -1
1 -0.003927 -0.001371 0.008467 0.446218 0.580972 -1
1 -0.003708 -0.000591 0.008467 0.449211 0.534926 -1
1 -0.004018 -0.001398 0.008467 0.444970 0.582567 -1
1 -0.002077 0.005345 0.008467 0.471557 0.184375 -1
1 -0.002578 0.005461 0.008467 0.464690 0.177550 -1
1 -0.003624 -0.000335 0.008467 0.450357 0.519773 -1
1 -0.001579 0.005188 0.008467 0.478366 0.193637 -1
1 0.000602 -0.000882 0.008467 0.508248 0.552085 -1
1 0.002108 0.000112 0.008467 0.528872 0.493374 -1
1 0.000312 -0.000697 0.008467 0.504266 0.541167 -1
1 -0.001094 0.005382 0.008467 0.485011 0.182219 -1
1 -0.001095 0.004981 0.008467 0.484993 0.205842 -1
1 0.002112 0.002166 0.008467 0.528917 0.372126 -1
1 0.005328 0.005382 0.008467 0.572963 0.182219 -1
1 0.002504 -0.005109 0.008467 0.534291 0.801702 -1
1 0.005328 -0.002272 0.008467 0.572963 0.634175 -1
1 0.002428 -0.004962 0.008467 0.533256 0.792993 -1
1 0.005921 -0.005287 0.008467 0.581092 0.812201 -1
1 0.005798 -0.002270 0.008467 0.579403 0.634044 -1
1 0.005508 -0.005309 0.008467 0.575435 0.813502 -1
1 0.009091 -0.005096 0.008467 0.624503 0.800948 -1
1 0.006020 -0.002253 0.008467 0.582447 0.633031 -1
1 0.006745 -0.005180 0.008467 0.592378 0.805891 -1
1 0.006022 0.005382 0.008467 0.582469 0.182219 -1
1 0.011456 -0.000054 0.008467 0.656898 0.503192 -1
1 0.013661 0.002149 0.008467 0.687101 0.373081 -1
1 0.010430 0.005382 0.008467 0.642847 0.182219 -1
1 0.013657 0.004611 0.008467 0.687046 0.227689 -1
1 0.013657 0.005224 0.008467 0.687047 0.191549 -1
1 0.016885 0.008451 0.008467 0.731247 0.000975 -1
1 0.010431 0.008451 0.008467 0.642860 0.000975 -1
1 0.016885 0.007838 0.008467 0.731247 0.037141 -1
1 0.013782 0.004725 0.008467 0.688755 0.220973 -1
1 0.017592 0.002632 0.008467 0.740934 0.344560 -1
1 0.018482 0.001068 0.008467 0.753127 0.436916 -1
1 0.020082 0.001733 0.008467 0.775038 0.397686 -1
1 0.021535 0.002336 0.008467 0.794935 0.362062 -1
1 0.022609 0.002335 0.008467 0.809655 0.362121 -1
1 0.022798 0.005383 0.008467 0.812233 0.182162 -1
1 0.023295 0.001648 0.008467 0.819047 0.402674 -1
1 0.025657 0.005098 0.008467 0.851395 0.198961 -1
1 0.026048 0.005250 0.008467 0.856753 0.189999 -1
1 0.027459 0.000952 0.008467 0.876071 0.443801 -1
1 0.027914 0.000681 0.008467 0.882310 0.459765 -1
1 0.026943 0.005492 0.008467 0.869007 0.175713 -1
1 0.028469 0.000313 0.008467 0.889909 0.481511 -1
1 0.028002 0.005635 0.008467 0.883509 0.167257 -1
1 0.028236 0.000461 0.008467 0.886722 0.472793 -1
1 0.029672 -0.000158 0.008467 0.906389 0.509312 -1
1 0.029714 0.005705 0.008467 0.906960 0.163133 -1
1 0.031502 0.005606 0.008467 0.931451 0.168945 -1
1 0.031159 0.001764 0.008467 0.926756 0.395860 -1
1 0.031533 0.002214 0.008467 0.931874 0.369273 -1
1 0.031646 0.002207 0.008467 0.933417 0.369682 -1
1 0.032794 0.005405 0.008467 0.949140 0.180831 -1
1 0.032165 0.005524 0.008467 0.940530 0.173782 -1
1 0.032030 0.002171 0.008467 0.938673 0.371815 -1
1 0.033423 0.005227 0.008467 0.957755 0.191368 -1
1 0.032342 0.002127 0.008467 0.942951 0.374380 -1
1 0.034033 0.004972 0.008467 0.966117 0.206386 -1
1 0.032570 0.002082 0.008467 0.946076 0.377075 -1
1 0.034609 0.004625 0.008467 0.974000 0.226878 -1
1 0.032723 0.002039 0.008467 0.948172 0.379588 -1
1 0.035131 0.004170 0.008467 0.981149 0.253783 -1
1 0.032829 0.002000 0.008467 0.949616 0.381921 -1
1 0.035581 0.003588 0.008467 0.987315 0.288149 -1
1 0.032994 0.001919 0.008467 0.951877 0.386704 -1
1 0.035809 0.003157 0.008467 0.990438 0.313553 -1
1 0.033010 0.001909 0.008467 0.952099 0.387282 -1
1 0.035966 0.002731 0.008467 0.992581 0.338733 -1
1 0.033059 0.001874 0.008467 0.952775 0.389315 -1
1 0.036065 0.002288 0.008467 0.993947 0.364887 -1
1 0.033116 0.001829 0.008467 0.953552 0.391993 -1
1 0.036155 0.001270 0.008467 0.995169 0.425014 -1
1 0.033871 0.001138 0.008467 0.963887 0.432820 -1
1 0.036223 -0.001149 0.008467 0.996104 0.567861 -1
1 0.036134 -0.001149 0.008467 0.994886 0.567861 -1
1 0.030104 -0.002323 0.008467 0.912294 0.637174 -1
1 0.031020 -0.002982 0.008467 0.924841 0.676065 -1
1 0.036443 -0.002397 0.008467 0.999122 0.641525 -1
1 0.036319 -0.001730 0.008467 0.997421 0.602171 -1
1 0.031201 -0.003108 0.008467 0.927323 0.683520 -1
1 0.036507 -0.003145 0.008467 1.000000 0.685715 -1
1 0.031495 -0.003349 0.008467 0.931350 0.697780 -1
1 0.036504 -0.003935 0.008467 0.999956 0.732362 -1
1 0.031853 -0.003672 0.008467 0.936258 0.716808 -1
1 0.031938 -0.003756 0.008467 0.937422 0.721819 -1
1 0.032125 -0.003926 0.008467 0.939983 0.731832 -1
1 0.036330 -0.005162 0.008467 0.997574 0.804845 -1
1 0.036417 -0.004732 0.008467 0.998761 0.779422 -1
1 0.033159 -0.004227 0.008467 0.954147 0.749583 -1
1 0.032366 -0.004160 0.008467 0.943285 0.745673 -1
1 0.032552 -0.004327 0.008467 0.945824 0.755514 -1
1 0.035348 -0.006975 0.008467 0.984128 0.911900 -1
1 0.035922 -0.006199 0.008467 0.991981 0.866040 -1
1 0.032585 -0.004351 0.008467 0.946279 0.756942 -1
1 0.034672 -0.007531 0.008467 0.974870 0.944692 -1
1 0.033957 -0.007905 0.008467 0.965073 0.966778 -1
1 0.033265 -0.008135 0.008467 0.955589 0.980408 -1
1 0.032206 -0.003991 0.008467 0.941086 0.735670 -1
1 0.032658 -0.008263 0.008467 0.947283 0.987926 -1
1 0.031361 -0.008406 0.008467 0.929516 0.996382 -1
1 0.031109 -0.003040 0.008467 0.926070 0.679511 -1
1 0.028999 -0.008443 0.008467 0.897167 0.998576 -1
1 0.029057 -0.003775 0.008467 0.897957 0.722898 -1
1 0.028200 -0.004873 0.008467 0.886224 0.787767 -1
1 0.027915 -0.008399 0.008467 0.882322 0.995988 -1
1 0.028216 -0.004874 0.008467 0.886449 0.787787 -1
1 0.026922 -0.008279 0.008467 0.868715 0.988864 -1
1 0.027525 -0.004832 0.008467 0.876980 0.785356 -1
1 0.026050 -0.008078 0.008467 0.856774 0.977033 -1
1 0.026981 -0.004771 0.008467 0.869533 0.781714 -1
1 0.024770 -0.006703 0.008467 0.839249 0.895820 -1
1 0.025658 -0.007947 0.008467 0.851413 0.969290 -1
1 0.024783 -0.006696 0.008467 0.839430 0.895393 -1
1 0.025657 -0.008112 0.008467 0.851395 0.979002 -1
1 0.024657 -0.007173 0.008467 0.837699 0.923546 -1
1 0.023976 -0.007371 0.008467 0.828373 0.935283 -1
1 0.023892 -0.007376 0.008467 0.827223 0.935580 -1
1 0.022766 -0.008316 0.008467 0.811794 0.991057 -1
1 0.021901 -0.006321 0.008467 0.799953 0.873253 -1
1 0.021828 -0.008321 0.008467 0.798953 0.991376 -1
1 0.022075 -0.006503 0.008467 0.802334 0.883987 -1
1 0.021098 -0.005271 0.008467 0.788959 0.811254 -1
1 0.020690 -0.008231 0.008467 0.783368 0.986070 -1
1 0.021252 -0.005409 0.008467 0.791060 0.819403 -1
1 0.019716 -0.008039 0.008467 0.770023 0.974690 -1
1 0.020473 -0.005229 0.008467 0.780399 0.808755 -1
1 0.018893 -0.007755 0.008467 0.758751 0.957966 -1
1 0.020016 -0.005166 0.008467 0.774139 0.805070 -1
1 0.019825 -0.004886 0.008467 0.771524 0.788504 -1
1 0.018210 -0.007394 0.008467 0.749406 0.936611 -1
1 0.019991 -0.005161 0.008467 0.773790 0.804743 -1
1 0.019738 -0.004709 0.008467 0.770334 0.778070 -1
1 0.017656 -0.006966 0.008467 0.741814 0.911375 -1
1 0.019695 -0.004596 0.008467 0.769736 0.771388 -1
1 0.017219 -0.006485 0.008467 0.735826 0.882952 -1
1 0.016886 -0.005962 0.008467 0.731273 0.852073 -1
1 0.018047 0.001068 0.008467 0.747166 0.436916 -1
1 0.016885 -0.008187 0.008467 0.731247 0.983427 -1
1 0.012013 -0.003284 0.008467 0.664532 0.693921 -1
1 0.012444 -0.008162 0.008467 0.670425 0.981964 -1
1 0.011869 -0.003164 0.008467 0.662559 0.686829 -1
1 0.012312 -0.008186 0.008467 0.668625 0.983389 -1
1 0.007023 -0.008156 0.008467 0.596179 0.981627 -1
1 0.006461 -0.008265 0.008467 0.588491 0.988058 -1
1 0.006020 -0.005278 0.008467 0.582444 0.811678 -1
1 0.005685 -0.008344 0.008467 0.577859 0.992745 -1
1 0.004314 -0.008364 0.008467 0.559087 0.993926 -1
1 0.004430 -0.005319 0.008467 0.560668 0.814117 -1
1 0.003697 -0.005288 0.008467 0.550633 0.812263 -1
1 0.002581 -0.008144 0.008467 0.535353 0.980914 -1
1 0.003295 -0.008272 0.008467 0.545128 0.988470 -1
1 0.003203 -0.005245 0.008467 0.543859 0.809735 -1
1 0.002259 -0.008063 0.008467 0.530931 0.976152 -1
1 0.003091 -0.005232 0.008467 0.542337 0.808943 -1
1 0.001799 -0.007907 0.008467 0.524643 0.966946 -1
1 0.002866 -0.005195 0.008467 0.539254 0.806781 -1
1 0.001372 -0.007715 0.008467 0.518785 0.955604 -1
1 0.002678 -0.005155 0.008467 0.536669 0.804421 -1
1 0.000975 -0.007488 0.008467 0.513354 0.942161 -1
1 0.002507 -0.005110 0.008467 0.534334 0.801761 -1
1 0.000611 -0.007226 0.008467 0.508366 0.926693 -1
1 0.000281 -0.006931 0.008467 0.503840 0.909257 -1
1 -0.003648 -0.002273 0.008467 0.450031 0.634226 -1
1 -0.003089 -0.003458 0.008467 0.457686 0.704205 -1
1 -0.000883 -0.007782 0.008467 0.487898 0.959541 -1
1 -0.000283 -0.007424 0.008467 0.496117 0.938411 -1
1 -0.002766 -0.004008 0.008467 0.462112 0.736656 -1
1 -0.002975 -0.003670 0.008467 0.459252 0.716698 -1
1 -0.001484 -0.008028 0.008467 0.479667 0.974034 -1
1 -0.002048 -0.008184 0.008467 0.471948 0.983295 -1
1 -0.002911 -0.008326 0.008467 0.460129 0.991639 -1
1 -0.004227 -0.008431 0.008467 0.442100 0.997882 -1
1 -0.006478 -0.001389 0.008467 0.411272 0.582013 -1
1 -0.006749 -0.001484 0.008467 0.407563 0.587609 -1
1 -0.007099 -0.002293 0.008467 0.402765 0.635390 -1
1 -0.006855 -0.008418 0.008467 0.406116 0.997094 -1
1 -0.008553 -0.008208 0.008467 0.382861 0.984702 -1
1 -0.007905 -0.008323 0.008467 0.391736 0.991470 -1
1 -0.007386 -0.002884 0.008467 0.398843 0.670331 -1
1 -0.009142 -0.008054 0.008467 0.374786 0.975571 -1
1 -0.007707 -0.003485 0.008467 0.394440 0.705790 -1
1 -0.009674 -0.007858 0.008467 0.367498 0.964022 -1
1 -0.007983 -0.003945 0.008467 0.390665 0.732976 -1
1 -0.010150 -0.007620 0.008467 0.360979 0.949960 -1
1 -0.008208 -0.004277 0.008467 0.387586 0.752585 -1
1 -0.010572 -0.007338 0.008467 0.355200 0.933311 -1
1 -0.010941 -0.007011 0.008467 0.350156 0.913981 -1
1 -0.014327 -0.003166 0.008467 0.303770 0.686960 -1
1 -0.014175 -0.003455 0.008467 0.305860 0.704040 -1
1 -0.011991 -0.007746 0.008467 0.335763 0.957403 -1
1 -0.011443 -0.007424 0.008467 0.343268 0.938373 -1
1 -0.013929 -0.003865 0.008467 0.309228 0.728211 -1
1 -0.012577 -0.007989 0.008467 0.327748 0.971784 -1
1 -0.013187 -0.008167 0.008467 0.319386 0.982283 -1
1 -0.014444 -0.008376 0.008467 0.302171 0.994638 -1
1 -0.015950 -0.008464 0.008467 0.281542 0.999794 -1
1 -0.015271 -0.001401 0.008467 0.290840 0.582752 -1
1 -0.016293 -0.008467 0.008467 0.276845 1.000000 -1
1 0.022798 -0.002180 0.008467 0.812233 0.628738 -1
1 0.023677 -0.004322 0.008467 0.824282 0.755230 -1
1 0.023892 -0.004310 0.008467 0.827223 0.754538 -1
1 0.022961 -0.002170 0.008467 0.814477 0.628157 -1
1 0.025954 -0.004334 0.008467 0.855469 0.755923 -1
1 0.022962 -0.001338 0.008467 0.814490 0.579035 -1
1 0.025512 -0.004529 0.008467 0.849405 0.767453 -1
1 0.023395 -0.001338 0.008467 0.820408 0.579035 -1
1 0.029497 -0.000409 0.008467 0.903984 0.524126 -1
1 0.023262 -0.000919 0.008467 0.818595 0.554249 -1
1 0.022799 -0.000713 0.008467 0.812246 0.542100 -1
1 0.022798 -0.000714 0.008467 0.812233 0.542156 -1
1 0.022091 -0.006519 0.008467 0.802554 0.884925 -1
1 0.023892 -0.006503 0.008467 0.827223 0.883987 -1
1 0.025077 -0.006503 0.008467 0.843457 0.883987 -1
1 0.025055 -0.006519 0.008467 0.843154 0.884925 -1
1 0.023892 -0.006519 0.008467 0.827223 0.884925 -1
1 0.024909 -0.006619 0.008467 0.841149 0.890839 -1
1 0.023808 -0.007377 0.008467 0.826065 0.935633 -1
1 0.024582 -0.007209 0.008467 0.836678 0.925689 -1
1 0.024491 -0.007248 0.008467 0.835422 0.928001 -1
1 0.024744 -0.006871 0.008467 0.838894 0.905768 -1
1 0.024723 -0.006963 0.008467 0.838608 0.911161 -1
1 0.024760 -0.006782 0.008467 0.839112 0.900474 -1
1 0.024697 -0.007056 0.008467 0.838247 0.916685 -1
1 0.024665 -0.007153 0.008467 0.837806 0.922372 -1
1 0.024229 -0.007331 0.008467 0.831832 0.932900 -1
1 0.024144 -0.007349 0.008467 0.830672 0.933951 -1
1 0.024402 -0.007281 0.008467 0.834201 0.929950 -1
1 0.024314 -0.007308 0.008467 0.833006 0.931574 -1
1 0.024060 -0.007362 0.008467 0.829521 0.934742 -1
1 0.023160 -0.007250 0.008467 0.817199 0.928142 -1
1 0.023053 -0.007207 0.008467 0.815730 0.925594 -1
1 0.023546 -0.007354 0.008467 0.822483 0.934265 -1
1 0.023455 -0.007337 0.008467 0.821232 0.933251 -1
1 0.023722 -0.007374 0.008467 0.824893 0.935439 -1
1 0.023635 -0.007366 0.008467 0.823701 0.934987 -1
1 0.023360 -0.007314 0.008467 0.819940 0.931918 -1
1 0.023262 -0.007286 0.008467 0.818599 0.930231 -1
1 0.022691 -0.007016 0.008467 0.810771 0.914306 -1
1 0.022558 -0.006923 0.008467 0.808955 0.908818 -1
1 0.022940 -0.007155 0.008467 0.814176 0.922511 -1
1 0.022819 -0.007092 0.008467 0.812524 0.918798 -1
1 0.022717 -0.007032 0.008467 0.811123 0.915262 -1
1 0.022415 -0.006812 0.008467 0.806999 0.902270 -1
1 0.022261 -0.006679 0.008467 0.804877 0.894414 -1
1 0.021887 -0.006305 0.008467 0.799765 0.872327 -1
1 0.024108 -0.004309 0.008467 0.830182 0.754469 -1
1 0.022120 -0.004731 0.008467 0.802957 0.779364 -1
1 0.022357 -0.004631 0.008467 0.806191 0.773495 -1
1 0.021172 -0.005272 0.008467 0.789973 0.811297 -1
1 0.021356 -0.005147 0.008467 0.792492 0.803948 -1
1 0.021697 -0.006066 0.008467 0.797160 0.858205 -1
1 0.021487 -0.005773 0.008467 0.794280 0.840901 -1
1 0.021622 -0.004986 0.008467 0.796132 0.794418 -1
1 0.021876 -0.004848 0.008467 0.799612 0.786287 -1
1 0.023030 -0.004422 0.008467 0.815420 0.761131 -1
1 0.023248 -0.004378 0.008467 0.818395 0.758506 -1
1 0.022586 -0.004548 0.008467 0.809335 0.768560 -1
1 0.022810 -0.004479 0.008467 0.812405 0.764463 -1
1 0.023463 -0.004345 0.008467 0.821344 0.756548 -1
1 0.026031 -0.004364 0.008467 0.856520 0.757672 -1
1 0.026335 -0.004498 0.008467 0.860675 0.765619 -1
1 0.024775 -0.004372 0.008467 0.839311 0.758161 -1
1 0.025007 -0.004417 0.008467 0.842493 0.760814 -1
1 0.024327 -0.004319 0.008467 0.833172 0.755032 -1
1 0.024548 -0.004339 0.008467 0.836210 0.756251 -1
1 0.025480 -0.004545 0.008467 0.848974 0.768384 -1
1 0.025247 -0.004475 0.008467 0.845775 0.764279 -1
1 0.026066 -0.005602 0.008467 0.857001 0.830807 -1
1 0.025731 -0.005945 0.008467 0.852415 0.851040 -1
1 0.026798 -0.004741 0.008467 0.867023 0.779950 -1
1 0.026652 -0.004658 0.008467 0.865029 0.775075 -1
1 0.026506 -0.005106 0.008467 0.863022 0.801488 -1
1 0.025468 -0.006189 0.008467 0.848802 0.865481 -1
1 0.025254 -0.006368 0.008467 0.845878 0.876065 -1
1 -0.018048 -0.001417 0.008467 0.252817 0.583650 -1
1 -0.019299 -0.008272 0.008467 0.235674 0.988451 -1
1 -0.014603 -0.000072 0.008467 0.299989 0.504222 -1
1 -0.015115 -0.001432 0.008467 0.292985 0.584566 -1
1 -0.006519 -0.001405 0.008467 0.410709 0.582962 -1
1 -0.003557 0.005601 0.008467 0.451280 0.169245 -1
1 0.011454 -0.002746 0.008467 0.656878 0.662174 -1
1 0.013663 0.004606 0.008467 0.687120 0.228013 -1
1 0.022798 0.007837 0.008467 0.812233 0.037197 -1
1 0.025657 0.005382 0.008467 0.851395 0.182219 -1
1 0.025386 0.002038 0.008467 0.847679 0.379663 -1
1 0.023213 -0.000714 0.008467 0.817921 0.542138 -1
5
0.000000 0.000000 1.000000
0.000300 0.000000 1.000000
0.000100 0.000000 1.000000
-0.000100 0.000000 1.000000
-0.000300 0.000000 1.000000
596
1 0 1 2 0 0 0 1
1 3 4 0 0 0 0 1
1 5 6 7 0 0 0 1
1 8 6 9 0 0 0 1
1 10 8 11 0 0 0 1
1 11 12 10 0 0 0 1
1 13 14 15 0 0 0 1
1 16 14 17 0 0 0 1
1 18 19 20 0 0 0 1
1 21 19 22 0 0 0 1
1 23 21 22 0 0 0 1
1 20 24 18 0 0 0 1
1 25 26 20 0 0 0 1
1 27 28 29 0 0 0 1
1 30 31 27 0 0 0 1
1 32 33 34 0 0 0 1
1 35 36 32 1 1 1 1
1 37 38 36 0 0 0 1
1 35 39 36 2 2 2 1
1 30 40 31 0 0 0 1
1 15 41 13 0 0 0 1
1 42 43 7 0 0 0 1
1 44 45 43 0 0 0 1
1 42 46 43 0 0 0 1
1 3 47 4 0 0 0 1
1 48 49 50 0 0 0 1
1 51 52 49 0 0 0 1
1 53 54 55 3 3 3 1
1 56 57 58 0 0 0 1
1 59 56 60 0 0 0 1
1 61 59 62 0 0 0 1
1 63 61 64 0 0 0 1
1 65 63 64 0 0 0 1
1 66 67 68 4 4 4 1
1 69 70 66 0 0 0 1
1 71 72 73 0 0 0 1
1 74 75 73 0 0 0 1
1 76 77 74 0 0 0 1
1 70 78 76 0 0 0 1
1 69 79 70 0 0 0 1
1 80 81 69 0 0 0 1
1 82 83 80 0 0 0 1
1 84 85 83 0 0 0 1
1 86 87 88 0 0 0 1
1 89 90 91 0 0 0 1
1 92 89 91 0 0 0 1
1 93 94 95 0 0 0 1
1 96 97 98 0 0 0 1
1 99 96 98 0 0 0 1
1 100 101 102 0 0 0 1
1 103 104 105 0 0 0 1
1 106 107 108 0 0 0 1
1 109 107 110 0 0 0 1
1 111 112 110 0 0 0 1
1 113 114 112 0 0 0 1
1 115 116 114 0 0 0 1
1 113 117 114 0 0 0 1
1 118 119 117 0 0 0 1
1 120 121 119 0 0 0 1
1 122 123 124 0 0 0 1
1 125 126 123 0 0 0 1
1 127 126 128 0 0 0 1
1 129 130 128 0 0 0 1
1 131 132 133 0 0 0 1
1 134 135 131 0 0 0 1
1 136 135 137 0 0 0 1
1 138 139 136 0 0 0 1
1 140 141 142 0 0 0 1
1 143 140 144 0 0 0 1
1 145 143 146 0 0 0 1
1 147 145 148 0 0 0 1
1 149 147 150 0 0 0 1
1 151 149 152 0 0 0 1
1 153 151 154 0 0 0 1
1 155 153 156 0 0 0 1
1 157 155 158 0 0 0 1
1 159 157 160 0 0 0 1
1 161 159 160 0 0 0 1
1 138 162 139 0 0 0 1
1 163 164 162 0 0 0 1
1 165 166 167 0 0 0 1
1 168 165 169 0 0 0 1
1 170 168 171 0 0 0 1
1 172 173 170 0 0 0 1
1 174 175 176 0 0 0 1
1 177 178 176 0 0 0 1
1 179 180 181 0 0 0 1
1 178 182 181 0 0 0 1
1 177 183 178 0 0 0 1
1 173 184 185 0 0 0 1
1 172 186 173 0 0 0 1
1 164 187 188 0 0 0 1
1 189 187 190 0 0 0 1
1 191 192 193 2 2 2 1
1 194 192 195 0 0 0 1
1 196 194 197 0 0 0 1
1 198 199 200 4 4 4 1
1 201 199 202 0 0 0 1
1 203 204 205 0 0 0 1
1 206 207 208 0 0 0 1
1 209 210 211 0 0 0 1
1 212 210 213 0 0 0 1
1 214 212 215 0 0 0 1
1 216 217 218 0 0 0 1
1 219 220 216 0 0 0 1
1 221 222 219 0 0 0 1
1 118 223 224 0 0 0 1
1 225 223 226 0 0 0 1
1 226 227 225 0 0 0 1
1 228 229 226 0 0 0 1
1 108 230 106 0 0 0 1
1 231 230 232 0 0 0 1
1 105 233 103 0 0 0 1
1 234 233 235 0 0 0 1
1 235 236 234 0 0 0 1
1 237 238 239 0 0 0 1
1 240 237 241 0 0 0 1
1 242 240 243 0 0 0 1
1 244 242 245 0 0 0 1
1 246 244 247 0 0 0 1
1 102 248 100 0 0 0 1
1 95 249 93 0 0 0 1
1 250 251 95 0 0 0 1
1 252 253 254 0 0 0 1
1 255 256 254 0 0 0 1
1 251 257 255 0 0 0 1
1 250 258 251 0 0 0 1
1 84 259 85 0 0 0 1
1 80 260 259 0 0 0 1
1 261 262 263 0 0 0 1
1 264 265 266 0 0 0 1
1 267 264 268 0 0 0 1
1 269 267 270 0 0 0 1
1 271 269 272 0 0 0 1
1 273 271 272 0 0 0 1
1 68 274 66 1 1 1 1
1 275 276 68 0 0 0 1
1 277 278 279 0 0 0 1
1 276 280 279 0 0 0 1
1 275 281 276 0 0 0 1
1 53 282 54 0 0 0 1
1 52 283 284 0 0 0 1
1 51 285 52 0 0 0 1
1 48 50 285 0 0 0 1
1 218 286 216 0 0 0 1
1 287 288 289 0 0 0 1
1 290 291 292 0 0 0 1
1 193 293 191 0 0 0 1
1 294 131 190 0 0 0 1
1 129 128 295 0 0 0 1
1 125 123 296 0 0 0 1
1 120 297 121 0 0 0 1
1 208 298 299 0 0 0 1
1 300 299 301 0 0 0 1
1 301 302 303 0 0 0 1
1 204 302 304 0 0 0 1
1 305 302 306 0 0 0 1
1 307 302 308 0 0 0 1
1 200 302 198 0 0 0 1
1 200 303 302 0 0 0 1
1 307 309 302 0 0 0 1
1 310 302 311 0 0 0 1
1 310 308 302 0 0 0 1
1 305 202 302 0 0 0 1
1 312 302 313 0 0 0 1
1 314 302 315 0 0 0 1
1 314 306 302 0 0 0 1
1 312 315 302 0 0 0 1
1 316 302 203 0 0 0 1
1 316 313 302 0 0 0 1
1 302 204 203 0 0 0 1
1 317 302 318 0 0 0 1
1 319 302 320 0 0 0 1
1 321 302 322 0 0 0 1
1 321 304 302 0 0 0 1
1 319 322 302 0 0 0 1
1 323 302 324 0 0 0 1
1 323 320 302 0 0 0 1
1 317 324 302 0 0 0 1
1 325 302 326 0 0 0 1
1 327 302 328 0 0 0 1
1 327 318 302 0 0 0 1
1 325 329 302 0 0 0 1
1 330 302 331 0 0 0 1
1 330 326 302 0 0 0 1
1 298 331 302 0 0 0 1
1 332 206 299 0 0 0 1
1 288 299 333 0 0 0 1
1 334 299 335 0 0 0 1
1 336 211 337 0 0 0 1
1 338 299 339 0 0 0 1
1 338 332 299 0 0 0 1
1 211 339 299 0 0 0 1
1 340 299 341 0 0 0 1
1 340 337 299 0 0 0 1
1 334 341 299 0 0 0 1
1 342 299 343 0 0 0 1
1 344 299 345 0 0 0 1
1 344 335 299 0 0 0 1
1 342 345 299 0 0 0 1
1 346 299 287 0 0 0 1
1 346 343 299 0 0 0 1
1 299 288 287 0 0 0 1
1 347 299 348 0 0 0 1
1 349 299 350 0 0 0 1
1 351 299 352 0 0 0 1
1 351 333 299 0 0 0 1
1 349 352 299 0 0 0 1
1 292 353 299 0 0 0 1
1 354 350 299 0 0 0 1
1 347 290 299 0 0 0 1
1 355 299 356 0 0 0 1
1 357 358 359 0 0 0 1
1 358 348 299 0 0 0 1
1 355 359 299 0 0 0 1
1 360 299 361 0 0 0 1
1 360 356 299 0 0 0 1
1 300 361 299 0 0 0 1
1 50 2 1 0 0 0 1
1 2 3 0 0 0 0 1
1 4 362 0 0 0 0 1
1 363 0 362 0 0 0 1
1 7 6 362 0 0 0 1
1 363 362 6 0 0 0 1
1 5 9 6 0 0 0 1
1 9 11 8 0 0 0 1
1 15 14 5 0 0 0 1
1 7 15 5 0 0 0 1
1 5 14 9 0 0 0 1
1 9 14 11 0 0 0 1
1 12 11 14 0 0 0 1
1 13 17 14 0 0 0 1
1 20 19 25 0 0 0 1
1 25 19 17 0 0 0 1
1 16 17 19 0 0 0 1
1 18 22 19 0 0 0 1
1 24 23 18 0 0 0 1
1 22 18 23 0 0 0 1
1 26 28 20 0 0 0 1
1 24 20 28 0 0 0 1
1 26 29 28 0 0 0 1
1 29 30 27 0 0 0 1
1 33 27 31 0 0 0 1
1 31 34 33 0 0 0 1
1 34 35 32 0 0 0 1
1 38 32 36 0 0 0 1
1 37 36 39 0 0 0 1
1 31 40 34 0 0 0 1
1 34 40 35 0 0 0 1
1 39 35 40 0 0 0 1
1 13 41 30 0 0 0 1
1 30 29 13 0 0 0 1
1 40 30 41 0 0 0 1
1 29 26 13 0 0 0 1
1 13 26 17 0 0 0 1
1 25 17 26 0 0 0 1
1 7 362 42 0 0 0 1
1 7 43 41 0 0 0 1
1 4 42 362 0 0 0 1
1 15 7 41 0 0 0 1
1 45 41 43 0 0 0 1
1 44 43 46 0 0 0 1
1 4 47 42 0 0 0 1
1 46 42 47 0 0 0 1
1 50 49 2 0 0 0 1
1 49 47 2 0 0 0 1
1 3 2 47 0 0 0 1
1 48 51 49 0 0 0 1
1 52 284 49 0 0 0 1
1 55 49 284 0 0 0 1
1 284 53 55 0 0 0 1
1 54 364 55 0 0 0 1
1 57 55 364 0 0 0 1
1 364 58 57 0 0 0 1
1 58 60 56 0 0 0 1
1 60 62 59 0 0 0 1
1 62 64 61 0 0 0 1
1 68 67 64 0 0 0 1
1 64 62 68 0 0 0 1
1 65 64 67 0 0 0 1
1 62 60 68 0 0 0 1
1 60 58 68 0 0 0 1
1 58 364 68 0 0 0 1
1 68 364 365 0 0 0 1
1 54 365 364 0 0 0 1
1 66 261 69 0 0 0 1
1 70 76 66 0 0 0 1
1 261 366 69 0 0 0 1
1 260 69 366 0 0 0 1
1 76 74 66 0 0 0 1
1 74 73 66 0 0 0 1
1 66 73 67 0 0 0 1
1 72 67 73 0 0 0 1
1 71 73 75 0 0 0 1
1 75 74 77 0 0 0 1
1 77 76 78 0 0 0 1
1 78 70 79 0 0 0 1
1 260 80 69 0 0 0 1
1 79 69 81 0 0 0 1
1 81 80 83 0 0 0 1
1 82 84 83 0 0 0 1
1 367 83 85 0 0 0 1
1 88 87 85 0 0 0 1
1 85 87 367 0 0 0 1
1 90 367 87 0 0 0 1
1 87 91 90 0 0 0 1
1 94 97 95 0 0 0 1
1 95 97 91 0 0 0 1
1 91 87 95 0 0 0 1
1 92 91 97 0 0 0 1
1 86 95 87 0 0 0 1
1 94 98 97 0 0 0 1
1 102 101 94 0 0 0 1
1 93 102 94 0 0 0 1
1 94 101 98 0 0 0 1
1 99 98 101 0 0 0 1
1 104 101 105 0 0 0 1
1 105 101 235 0 0 0 1
1 235 101 236 0 0 0 1
1 236 101 239 0 0 0 1
1 239 101 241 0 0 0 1
1 241 101 243 0 0 0 1
1 243 101 245 0 0 0 1
1 245 101 247 0 0 0 1
1 100 247 101 0 0 0 1
1 108 107 232 0 0 0 1
1 107 104 232 0 0 0 1
1 103 232 104 0 0 0 1
1 110 107 368 0 0 0 1
1 106 368 107 0 0 0 1
1 109 110 112 0 0 0 1
1 112 111 113 0 0 0 1
1 116 112 114 0 0 0 1
1 369 113 111 0 0 0 1
1 115 114 117 0 0 0 1
1 117 113 118 2 2 2 1
1 370 117 119 0 0 0 1
1 369 118 113 0 0 0 1
1 224 120 119 0 0 0 1
1 121 124 119 0 0 0 1
1 370 119 124 0 0 0 1
1 121 122 124 0 0 0 1
1 371 124 123 0 0 0 1
1 371 123 126 0 0 0 1
1 128 126 372 0 0 0 1
1 125 372 126 0 0 0 1
1 127 128 130 0 0 0 1
1 133 132 129 0 0 0 1
1 130 129 132 0 0 0 1
1 294 134 131 0 0 0 1
1 132 131 135 0 0 0 1
1 134 137 135 0 0 0 1
1 137 138 136 0 0 0 1
1 141 136 139 0 0 0 1
1 139 142 141 0 0 0 1
1 142 144 140 0 0 0 1
1 144 146 143 0 0 0 1
1 146 148 145 0 0 0 1
1 148 150 147 0 0 0 1
1 150 152 149 0 0 0 1
1 152 154 151 0 0 0 1
1 154 156 153 0 0 0 1
1 156 158 155 0 0 0 1
1 158 160 157 0 0 0 1
1 139 162 142 0 0 0 1
1 142 162 144 0 0 0 1
1 144 162 146 0 0 0 1
1 146 162 148 0 0 0 1
1 148 162 150 0 0 0 1
1 150 162 152 0 0 0 1
1 152 162 154 0 0 0 1
1 154 162 156 0 0 0 1
1 156 162 158 3 3 3 1
1 158 162 160 0 0 0 1
1 161 160 162 0 0 0 1
1 163 162 294 0 0 0 1
1 164 188 162 0 0 0 1
1 294 162 134 0 0 0 1
1 134 162 137 0 0 0 1
1 138 137 162 0 0 0 1
1 166 162 188 0 0 0 1
1 188 167 166 0 0 0 1
1 167 169 165 0 0 0 1
1 169 171 168 0 0 0 1
1 171 172 170 0 0 0 1
1 173 185 170 0 0 0 1
1 185 176 170 0 0 0 1
1 175 170 176 0 0 0 1
1 185 177 176 0 0 0 1
1 178 181 176 0 0 0 1
1 181 180 176 0 0 0 1
1 174 176 180 0 0 0 1
1 179 181 182 0 0 0 1
1 182 178 183 0 0 0 1
1 185 184 177 0 0 0 1
1 183 177 184 0 0 0 1
1 184 173 186 0 0 0 1
1 188 187 167 0 0 0 1
1 167 187 169 0 0 0 1
1 169 187 171 0 0 0 1
1 171 187 172 0 0 0 1
1 186 172 187 0 0 0 1
1 187 164 190 0 0 0 1
1 163 190 164 0 0 0 1
1 192 189 193 0 0 0 1
1 190 193 189 0 0 0 1
1 191 195 192 0 0 0 1
1 195 197 194 0 0 0 1
1 200 199 303 0 0 0 1
1 303 199 301 0 0 0 1
1 301 199 300 0 0 0 1
1 300 199 361 0 0 0 1
1 361 199 360 0 0 0 1
1 199 196 360 0 0 0 1
1 360 196 356 0 0 0 1
1 356 196 355 0 0 0 1
1 355 196 359 0 0 0 1
1 196 197 359 0 0 0 1
1 357 359 197 0 0 0 1
1 202 199 311 0 0 0 1
1 311 199 310 0 0 0 1
1 310 199 308 0 0 0 1
1 308 199 307 0 0 0 1
1 307 199 309 0 0 0 1
1 198 309 199 0 0 0 1
1 203 205 316 0 0 0 1
1 204 304 205 0 0 0 1
1 205 201 316 0 0 0 1
1 316 201 313 0 0 0 1
1 313 201 312 0 0 0 1
1 312 201 315 0 0 0 1
1 315 201 314 0 0 0 1
1 314 201 306 0 0 0 1
1 306 201 305 0 0 0 1
1 202 305 201 0 0 0 1
1 304 321 205 0 0 0 1
1 321 322 205 0 0 0 1
1 322 319 205 0 0 0 1
1 319 320 205 0 0 0 1
1 320 323 205 0 0 0 1
1 323 324 205 0 0 0 1
1 324 317 205 0 0 0 1
1 317 318 205 0 0 0 1
1 318 327 205 0 0 0 1
1 327 328 205 0 0 0 1
1 329 205 328 0 0 0 1
1 208 207 298 0 0 0 1
1 298 207 331 0 0 0 1
1 331 207 330 0 0 0 1
1 330 207 326 0 0 0 1
1 326 207 325 0 0 0 1
1 325 207 329 0 0 0 1
1 205 329 207 0 0 0 1
1 336 209 211 0 0 0 1
1 211 210 339 0 0 0 1
1 339 210 338 0 0 0 1
1 338 210 332 0 0 0 1
1 332 210 206 0 0 0 1
1 207 206 210 0 0 0 1
1 209 213 210 0 0 0 1
1 213 215 212 0 0 0 1
1 217 214 218 0 0 0 1
1 215 218 214 0 0 0 1
1 217 216 220 0 0 0 1
1 220 219 222 0 0 0 1
1 119 118 224 0 0 0 1
1 224 223 221 0 0 0 1
1 222 221 223 0 0 0 1
1 226 223 111 0 0 0 1
1 226 111 228 0 0 0 1
1 111 223 369 0 0 0 1
1 228 111 368 0 0 0 1
1 110 368 111 0 0 0 1
1 118 369 223 0 0 0 1
1 227 226 229 0 0 0 1
1 230 229 106 0 0 0 1
1 229 228 106 0 0 0 1
1 368 106 228 0 0 0 1
1 108 232 230 0 0 0 1
1 233 231 103 0 0 0 1
1 232 103 231 0 0 0 1
1 105 235 233 0 0 0 1
1 238 234 236 0 0 0 1
1 236 239 238 0 0 0 1
1 239 241 237 0 0 0 1
1 241 243 240 0 0 0 1
1 243 245 242 0 0 0 1
1 245 247 244 0 0 0 1
1 248 246 100 0 0 0 1
1 247 100 246 0 0 0 1
1 93 249 102 0 0 0 1
1 248 102 249 0 0 0 1
1 95 86 250 0 0 0 1
1 251 255 95 0 0 0 1
1 88 250 86 0 0 0 1
1 255 254 95 0 0 0 1
1 95 254 249 0 0 0 1
1 253 249 254 0 0 0 1
1 252 254 256 0 0 0 1
1 256 255 257 0 0 0 1
1 257 251 258 0 0 0 1
1 85 259 250 0 0 0 1
1 88 85 250 0 0 0 1
1 258 250 259 0 0 0 1
1 80 259 82 0 0 0 1
1 260 366 259 0 0 0 1
1 84 82 259 0 0 0 1
1 263 259 366 0 0 0 1
1 366 261 263 0 0 0 1
1 265 263 262 0 0 0 1
1 262 266 265 0 0 0 1
1 266 268 264 0 0 0 1
1 268 270 267 0 0 0 1
1 270 272 269 0 0 0 1
1 66 274 272 0 0 0 1
1 272 270 66 0 0 0 1
1 273 272 274 0 0 0 1
1 270 268 66 0 0 0 1
1 268 266 66 0 0 0 1
1 266 262 66 0 0 0 1
1 261 66 262 0 0 0 1
1 365 275 68 0 0 0 1
1 276 279 68 0 0 0 1
1 68 279 274 0 0 0 1
1 278 274 279 0 0 0 1
1 277 279 280 0 0 0 1
1 280 276 281 0 0 0 1
1 54 282 365 0 0 0 1
1 365 282 275 0 0 0 1
1 281 275 282 0 0 0 1
1 284 283 53 0 0 0 1
1 282 53 283 0 0 0 1
1 283 52 285 0 0 0 1
1 51 48 285 0 0 0 1
1 1 285 50 0 0 0 1
1 216 286 219 0 0 0 1
1 219 286 221 0 0 0 1
1 221 286 120 0 0 0 1
1 224 221 120 0 0 0 1
1 297 120 286 0 0 0 1
1 287 289 346 0 0 0 1
1 288 333 289 0 0 0 1
1 346 289 343 0 0 0 1
1 289 286 343 0 0 0 1
1 343 286 342 0 0 0 1
1 342 286 345 0 0 0 1
1 345 286 344 0 0 0 1
1 344 286 335 0 0 0 1
1 335 286 334 0 0 0 1
1 334 286 341 0 0 0 1
1 341 286 340 0 0 0 1
1 340 286 337 0 0 0 1
1 337 286 336 0 0 0 1
1 336 286 209 0 0 0 1
1 209 286 213 0 0 0 1
1 213 286 215 0 0 0 1
1 218 215 286 0 0 0 1
1 333 351 289 0 0 0 1
1 351 352 289 0 0 0 1
1 352 349 289 0 0 0 1
1 349 350 289 0 0 0 1
1 350 354 289 0 0 0 1
1 353 289 354 0 0 0 1
1 292 291 353 0 0 0 1
1 289 353 291 0 0 0 1
1 191 293 195 0 0 0 1
1 195 293 197 0 0 0 1
1 197 293 357 0 0 0 1
1 357 293 358 0 0 0 1
1 358 293 348 0 0 0 1
1 348 293 347 0 0 0 1
1 347 293 290 0 0 0 1
1 291 290 293 0 0 0 1
1 163 294 190 0 0 0 1
1 190 131 293 0 0 0 1
1 193 190 293 0 0 0 1
1 131 133 293 0 0 0 1
1 295 293 133 0 0 0 1
1 133 129 295 0 0 0 1
1 295 128 373 0 0 0 1
1 372 373 128 0 0 0 1
1 296 373 125 0 0 0 1
1 122 296 123 0 0 0 1
1 372 125 373 0 0 0 1
1 297 296 121 0 0 0 1
1 122 121 296 0 0 0 1
1 302 299 298 0 0 0 1
1 302 301 299 0 0 0 1
1 309 198 302 0 0 0 1
1 311 302 202 0 0 0 1
1 328 302 329 0 0 0 1
1 208 299 206 0 0 0 1
1 299 337 211 0 0 0 1
1 354 299 353 0 0 0 1
1 292 299 290 0 0 0 1
1 299 359 358 0 0 0 1
"Shape_1_Extrusion_Material" 0 0
704
0 -0.020071 -0.008087 -0.001533 0.955828 1.000000 -1
0 -0.020071 -0.008087 0.008467 0.955828 0.000000 -1
0 -0.020049 -0.008204 0.008467 0.955275 0.000000 -1
0 -0.020049 -0.008204 -0.001533 0.955275 1.000000 -1
0 -0.026796 -0.008169 0.008467 0.923870 0.000000 -1
0 -0.026796 -0.008169 -0.001533 0.923870 1.000000 -1
0 -0.029938 -0.003492 -0.001533 0.891669 1.000000 -1
0 -0.029938 -0.003492 0.008467 0.891669 0.000000 -1
0 -0.029939 -0.008177 0.008467 0.869863 0.000000 -1
0 -0.029939 -0.008177 -0.001533 0.869863 1.000000 -1
0 -0.036507 -0.008177 0.008467 0.839294 0.000000 -1
0 -0.036507 -0.008177 -0.001533 0.839294 1.000000 -1
0 -0.036507 0.008467 0.008467 0.761824 0.000000 -1
0 -0.036507 0.008467 -0.001533 0.761824 1.000000 -1
0 -0.001095 0.004981 -0.001533 0.584270 1.000000 -1
0 -0.001095 0.004981 0.008467 0.584270 0.000000 -1
0 -0.001094 0.005382 0.008467 0.582408 0.000000 -1
0 -0.001094 0.005381 -0.001533 0.582408 1.000000 -1
0 0.005328 0.005382 0.008467 0.552518 0.000000 -1
0 0.005328 0.005381 -0.001533 0.552518 1.000000 -1
0 0.005328 -0.002272 0.008467 0.516895 0.000000 -1
0 0.005328 -0.002272 -0.001533 0.516895 1.000000 -1
0 0.006020 -0.002253 -0.001533 0.513669 1.000000 -1
0 0.006020 -0.002253 0.008467 0.513669 0.000000 -1
0 0.006022 0.005382 0.008467 0.478135 0.000000 -1
0 0.006022 0.005381 -0.001533 0.478135 1.000000 -1
0 0.010430 0.005382 0.008467 0.457617 0.000000 -1
0 0.010430 0.005381 -0.001533 0.457617 1.000000 -1
0 0.010431 0.008451 0.008467 0.443331 0.000000 -1
0 0.010431 0.008451 -0.001533 0.443331 1.000000 -1
0 0.016885 0.008451 0.008467 0.413293 0.000000 -1
0 0.016885 0.008451 -0.001533 0.413293 1.000000 -1
0 0.016885 0.007838 0.008467 0.410443 0.000000 -1
0 0.016885 0.007838 -0.001533 0.410443 1.000000 -1
0 0.022798 0.007837 0.008467 0.382921 0.000000 -1
0 0.022798 0.007837 -0.001533 0.382921 1.000000 -1
0 0.022798 0.005383 0.008467 0.371494 0.000000 -1
0 0.022798 0.005382 -0.001533 0.371494 1.000000 -1
0 0.025657 0.005382 0.008467 0.358185 0.000000 -1
0 0.025657 0.005381 -0.001533 0.358185 1.000000 -1
0 0.025657 0.005098 0.008467 0.356866 0.000000 -1
0 0.025657 0.005098 -0.001533 0.356866 1.000000 -1
0 0.036223 -0.001149 -0.001533 0.284813 1.000000 -1
0 0.036223 -0.001149 0.008467 0.284813 0.000000 -1
0 0.036134 -0.001149 0.008467 0.284399 0.000000 -1
0 0.036134 -0.001149 -0.001533 0.284399 1.000000 -1
0 0.025658 -0.007947 -0.001533 0.208807 1.000000 -1
0 0.025658 -0.007947 0.008467 0.208807 0.000000 -1
0 0.025657 -0.008112 0.008467 0.208042 0.000000 -1
0 0.025657 -0.008112 -0.001533 0.208042 1.000000 -1
0 0.016886 -0.005962 -0.001533 0.163437 1.000000 -1
0 0.016886 -0.005962 0.008467 0.163437 0.000000 -1
0 0.016885 -0.008187 0.008467 0.153083 0.000000 -1
0 0.016885 -0.008187 -0.001533 0.153083 1.000000 -1
0 0.012444 -0.008162 -0.001533 0.132413 1.000000 -1
0 0.012444 -0.008162 0.008467 0.132413 0.000000 -1
0 0.012312 -0.008186 0.008467 0.131791 0.000000 -1
0 0.012312 -0.008186 -0.001533 0.131791 1.000000 -1
0 0.022798 -0.000714 -0.001533 0.018583 1.000000 -1
0 0.022798 -0.000714 0.008467 0.018583 0.000000 -1
0 0.022798 -0.002180 0.008467 0.011759 0.000000 -1
0 0.022798 -0.002180 -0.001533 0.011759 1.000000 -1
0 0.022961 -0.002170 0.008467 0.010995 0.000000 -1
0 0.022961 -0.002170 -0.001533 0.010995 1.000000 -1
0 0.022962 -0.001338 0.008467 0.007123 0.000000 -1
0 0.022962 -0.001338 -0.001533 0.007123 1.000000 -1
0 0.023395 -0.001338 0.008467 0.005112 0.000000 -1
0 0.023395 -0.001338 -0.001533 0.005112 1.000000 -1
0 0.023213 -0.000714 -0.001533 0.002082 1.000000 -1
0 0.023213 -0.000714 0.008467 0.002082 0.000000 -1
0 0.022799 -0.000713 0.008467 0.000153 0.000000 -1
0 0.022799 -0.000713 -0.001533 0.000153 1.000000 -1
0 0.022798 -0.000714 0.008467 0.000147 0.000000 -1
0 0.022798 -0.000714 -0.001533 0.000147 1.000000 -1
0 -0.016703 -0.008464 -0.001533 0.271227 0.999813 -1
0 -0.018407 -0.008385 -0.001533 0.247893 0.995126 -1
0 -0.017803 -0.001402 -0.001533 0.256165 0.582788 -1
0 -0.017957 -0.001399 -0.001533 0.254056 0.582638 -1
0 -0.017883 -0.001399 -0.001533 0.255073 0.582600 -1
0 -0.020071 -0.008087 -0.001533 0.225112 0.977540 -1
0 -0.024298 -0.003631 -0.001533 0.167206 0.714430 -1
0 -0.022731 -0.002041 -0.001533 0.188671 0.620528 -1
0 -0.020049 -0.008204 -0.001533 0.225407 0.984439 -1
0 -0.024025 -0.004878 -0.001533 0.170957 0.788050 -1
0 -0.026796 -0.008169 -0.001533 0.132998 0.982377 -1
0 -0.024142 -0.005028 -0.001533 0.169356 0.796887 -1
0 -0.027229 -0.005689 -0.001533 0.127075 0.835968 -1
0 -0.027782 -0.003521 -0.001533 0.119500 0.707895 -1
0 -0.024291 -0.000733 -0.001533 0.167307 0.543285 -1
0 -0.024125 -0.001435 -0.001533 0.169579 0.584711 -1
0 -0.027838 -0.003492 -0.001533 0.118735 0.706208 -1
0 -0.026487 0.002117 -0.001533 0.137236 0.375015 -1
0 -0.029938 -0.003492 -0.001533 0.089965 0.706208 -1
0 -0.033222 -0.000207 -0.001533 0.044987 0.512242 -1
0 -0.030544 0.002470 -0.001533 0.081661 0.354120 -1
0 -0.029939 -0.008177 -0.001533 0.089952 0.982864 -1
0 -0.033223 -0.004893 -0.001533 0.044980 0.788925 -1
0 -0.036507 -0.008177 -0.001533 0.000000 0.982864 -1
0 -0.036507 0.008467 -0.001533 0.000000 0.000000 -1
0 -0.026359 0.003145 -0.001533 0.138991 0.314311 -1
0 -0.026913 0.002460 -0.001533 0.131396 0.354737 -1
0 -0.025867 0.008406 -0.001533 0.145722 0.003618 -1
0 -0.024874 0.008225 -0.001533 0.159328 0.014324 -1
0 -0.026115 0.003397 -0.001533 0.142326 0.299428 -1
0 -0.025794 0.003694 -0.001533 0.146721 0.281891 -1
0 -0.025887 0.003602 -0.001533 0.145455 0.287323 -1
0 -0.023985 0.007927 -0.001533 0.171495 0.031873 -1
0 -0.023209 0.007519 -0.001533 0.182131 0.056021 -1
0 -0.025560 0.003892 -0.001533 0.149935 0.270173 -1
0 -0.025434 0.003983 -0.001533 0.151658 0.264788 -1
0 -0.025453 0.003967 -0.001533 0.151395 0.265758 -1
0 -0.022550 0.007001 -0.001533 0.191154 0.086563 -1
0 -0.022015 0.006380 -0.001533 0.198482 0.123235 -1
0 -0.021610 0.005659 -0.001533 0.204030 0.165814 -1
0 -0.021341 0.004842 -0.001533 0.207713 0.214092 -1
0 -0.021316 0.004727 -0.001533 0.208057 0.220879 -1
0 -0.018519 0.000278 -0.001533 0.246362 0.483574 -1
0 -0.018506 0.000247 -0.001533 0.246534 0.485431 -1
0 -0.020731 0.005047 -0.001533 0.216067 0.201999 -1
0 -0.020140 0.005274 -0.001533 0.224155 0.188537 -1
0 -0.019564 0.005427 -0.001533 0.232043 0.179519 -1
0 -0.018547 0.005575 -0.001533 0.245984 0.170820 -1
0 -0.016423 0.005672 -0.001533 0.275062 0.165045 -1
0 -0.016428 -0.001401 -0.001533 0.274998 0.582714 -1
0 -0.016512 -0.001402 -0.001533 0.273853 0.582808 -1
0 -0.016191 -0.001406 -0.001533 0.278251 0.583038 -1
0 -0.016302 -0.001404 -0.001533 0.276727 0.582915 -1
0 -0.015215 -0.001403 -0.001533 0.291613 0.582841 -1
0 -0.015224 -0.001403 -0.001533 0.291485 0.582850 -1
0 -0.014655 0.005588 -0.001533 0.299279 0.169995 -1
0 -0.013603 0.005453 -0.001533 0.313686 0.178019 -1
0 -0.013014 0.005315 -0.001533 0.321756 0.186156 -1
0 -0.014430 0.000261 -0.001533 0.302370 0.484568 -1
0 -0.012506 0.005148 -0.001533 0.328714 0.195980 -1
0 -0.014234 0.000599 -0.001533 0.305043 0.464654 -1
0 -0.012039 0.004946 -0.001533 0.335115 0.207961 -1
0 -0.014050 0.000885 -0.001533 0.307563 0.447745 -1
0 -0.011612 0.004706 -0.001533 0.340963 0.222079 -1
0 -0.013897 0.001100 -0.001533 0.309670 0.435059 -1
0 -0.011225 0.004431 -0.001533 0.346256 0.238334 -1
0 -0.010880 0.004120 -0.001533 0.350987 0.256689 -1
0 -0.010829 -0.001533 -0.001533 0.351682 0.590510 -1
0 -0.010834 -0.001529 -0.001533 0.351619 0.590267 -1
0 -0.007208 0.000188 -0.001533 0.401283 0.488915 -1
0 -0.007029 -0.000158 -0.001533 0.403735 0.509329 -1
0 -0.010544 0.004433 -0.001533 0.355583 0.238202 -1
0 -0.010150 0.004724 -0.001533 0.360984 0.221047 -1
0 -0.007839 0.001174 -0.001533 0.392636 0.430662 -1
0 -0.009691 0.004986 -0.001533 0.367267 0.205561 -1
0 -0.007676 0.000953 -0.001533 0.394865 0.443703 -1
0 -0.009162 0.005214 -0.001533 0.374512 0.192081 -1
0 -0.007463 0.000628 -0.001533 0.397780 0.462924 -1
0 -0.008559 0.005402 -0.001533 0.382774 0.180981 -1
0 -0.007877 0.005544 -0.001533 0.392119 0.172601 -1
0 -0.006297 0.005687 -0.001533 0.413752 0.164164 -1
0 -0.005946 -0.001366 -0.001533 0.418559 0.580674 -1
0 -0.005025 0.005699 -0.001533 0.431172 0.163470 -1
0 -0.005228 -0.001365 -0.001533 0.428401 0.580589 -1
0 -0.004291 -0.001390 -0.001533 0.441228 0.582063 -1
0 -0.004492 -0.001391 -0.001533 0.438479 0.582144 -1
0 -0.003708 -0.000591 -0.001533 0.449211 0.534926 -1
0 -0.003927 -0.001371 -0.001533 0.446218 0.580972 -1
0 -0.004018 -0.001398 -0.001533 0.444970 0.582567 -1
0 -0.002578 0.005461 -0.001533 0.464690 0.177550 -1
0 -0.002077 0.005345 -0.001533 0.471557 0.184375 -1
0 -0.003624 -0.000335 -0.001533 0.450357 0.519773 -1
0 -0.001579 0.005188 -0.001533 0.478366 0.193637 -1
0 0.002108 0.000112 -0.001533 0.528872 0.493374 -1
0 0.000602 -0.000882 -0.001533 0.508248 0.552085 -1
0 0.000312 -0.000697 -0.001533 0.504266 0.541167 -1
0 -0.001095 0.004981 -0.001533 0.484993 0.205842 -1
0 -0.001094 0.005381 -0.001533 0.485011 0.182219 -1
0 0.002112 0.002165 -0.001533 0.528917 0.372126 -1
0 0.005328 0.005381 -0.001533 0.572963 0.182219 -1
0 0.005328 -0.002272 -0.001533 0.572963 0.634175 -1
0 0.002504 -0.005109 -0.001533 0.534291 0.801702 -1
0 0.002428 -0.004962 -0.001533 0.533256 0.792993 -1
0 0.005798 -0.002270 -0.001533 0.579403 0.634044 -1
0 0.005921 -0.005287 -0.001533 0.581092 0.812201 -1
0 0.005508 -0.005309 -0.001533 0.575435 0.813502 -1
0 0.006020 -0.002253 -0.001533 0.582447 0.633031 -1
0 0.009091 -0.005096 -0.001533 0.624503 0.800948 -1
0 0.006745 -0.005180 -0.001533 0.592378 0.805891 -1
0 0.006022 0.005381 -0.001533 0.582469 0.182219 -1
0 0.011456 -0.000054 -0.001533 0.656898 0.503192 -1
0 0.010430 0.005381 -0.001533 0.642847 0.182219 -1
0 0.013661 0.002149 -0.001533 0.687101 0.373081 -1
0 0.013657 0.005223 -0.001533 0.687047 0.191549 -1
0 0.013657 0.004611 -0.001533 0.687046 0.227689 -1
0 0.010431 0.008451 -0.001533 0.642860 0.000975 -1
0 0.016885 0.008451 -0.001533 0.731247 0.000975 -1
0 0.016885 0.007838 -0.001533 0.731247 0.037141 -1
0 0.017592 0.002632 -0.001533 0.740934 0.344560 -1
0 0.013782 0.004725 -0.001533 0.688755 0.220973 -1
0 0.020082 0.001733 -0.001533 0.775038 0.397686 -1
0 0.018482 0.001068 -0.001533 0.753127 0.436916 -1
0 0.022609 0.002335 -0.001533 0.809655 0.362121 -1
0 0.021535 0.002336 -0.001533 0.794935 0.362062 -1
0 0.022798 0.005382 -0.001533 0.812233 0.182162 -1
0 0.025657 0.005098 -0.001533 0.851395 0.198961 -1
0 0.023295 0.001648 -0.001533 0.819047 0.402674 -1
0 0.026048 0.005250 -0.001533 0.856753 0.189999 -1
0 0.027459 0.000952 -0.001533 0.876071 0.443801 -1
0 0.026943 0.005492 -0.001533 0.869007 0.175713 -1
0 0.027914 0.000681 -0.001533 0.882310 0.459765 -1
0 0.028002 0.005635 -0.001533 0.883509 0.167257 -1
0 0.028469 0.000313 -0.001533 0.889909 0.481511 -1
0 0.028236 0.000461 -0.001533 0.886722 0.472793 -1
0 0.029714 0.005705 -0.001533 0.906960 0.163133 -1
0 0.029672 -0.000158 -0.001533 0.906389 0.509312 -1
0 0.031502 0.005606 -0.001533 0.931451 0.168945 -1
0 0.031159 0.001764 -0.001533 0.926756 0.395860 -1
0 0.031646 0.002207 -0.001533 0.933417 0.369682 -1
0 0.031533 0.002214 -0.001533 0.931874 0.369273 -1
0 0.032165 0.005524 -0.001533 0.940530 0.173782 -1
0 0.032794 0.005405 -0.001533 0.949140 0.180831 -1
0 0.032030 0.002171 -0.001533 0.938673 0.371815 -1
0 0.033423 0.005227 -0.001533 0.957755 0.191368 -1
0 0.032342 0.002127 -0.001533 0.942951 0.374380 -1
0 0.034033 0.004972 -0.001533 0.966117 0.206386 -1
0 0.032570 0.002082 -0.001533 0.946076 0.377075 -1
0 0.034609 0.004625 -0.001533 0.974000 0.226878 -1
0 0.032723 0.002039 -0.001533 0.948172 0.379588 -1
0 0.035131 0.004170 -0.001533 0.981149 0.253783 -1
0 0.032829 0.002000 -0.001533 0.949616 0.381921 -1
0 0.035581 0.003588 -0.001533 0.987315 0.288149 -1
0 0.032994 0.001919 -0.001533 0.951877 0.386704 -1
0 0.035809 0.003157 -0.001533 0.990438 0.313553 -1
0 0.033010 0.001909 -0.001533 0.952099 0.387282 -1
0 0.035966 0.002731 -0.001533 0.992581 0.338733 -1
0 0.033059 0.001874 -0.001533 0.952775 0.389315 -1
0 0.036065 0.002288 -0.001533 0.993947 0.364887 -1
0 0.033116 0.001829 -0.001533 0.953552 0.391993 -1
0 0.036155 0.001270 -0.001533 0.995169 0.425014 -1
0 0.033871 0.001138 -0.001533 0.963887 0.432820 -1
0 0.036223 -0.001149 -0.001533 0.996104 0.567861 -1
0 0.036134 -0.001149 -0.001533 0.994886 0.567861 -1
0 0.031020 -0.002982 -0.001533 0.924841 0.676065 -1
0 0.030104 -0.002323 -0.001533 0.912294 0.637174 -1
0 0.036319 -0.001730 -0.001533 0.997421 0.602171 -1
0 0.036443 -0.002397 -0.001533 0.999122 0.641525 -1
0 0.031201 -0.003108 -0.001533 0.927323 0.683520 -1
0 0.036507 -0.003145 -0.001533 1.000000 0.685715 -1
0 0.031495 -0.003349 -0.001533 0.931350 0.697780 -1
0 0.036504 -0.003935 -0.001533 0.999956 0.732362 -1
0 0.031853 -0.003672 -0.001533 0.936258 0.716808 -1
0 0.032125 -0.003926 -0.001533 0.939983 0.731832 -1
0 0.031938 -0.003756 -0.001533 0.937422 0.721819 -1
0 0.036417 -0.004732 -0.001533 0.998761 0.779422 -1
0 0.036330 -0.005162 -0.001533 0.997574 0.804845 -1
0 0.033159 -0.004227 -0.001533 0.954147 0.749583 -1
0 0.032552 -0.004327 -0.001533 0.945824 0.755514 -1
0 0.032366 -0.004160 -0.001533 0.943285 0.745673 -1
0 0.035922 -0.006199 -0.001533 0.991981 0.866040 -1
0 0.035348 -0.006975 -0.001533 0.984128 0.911900 -1
0 0.032585 -0.004351 -0.001533 0.946279 0.756942 -1
0 0.034672 -0.007531 -0.001533 0.974870 0.944692 -1
0 0.033957 -0.007905 -0.001533 0.965073 0.966778 -1
0 0.033265 -0.008135 -0.001533 0.955589 0.980408 -1
0 0.032206 -0.003991 -0.001533 0.941086 0.735670 -1
0 0.032658 -0.008263 -0.001533 0.947283 0.987926 -1
0 0.031361 -0.008406 -0.001533 0.929516 0.996382 -1
0 0.031109 -0.003040 -0.001533 0.926070 0.679511 -1
0 0.028999 -0.008443 -0.001533 0.897167 0.998576 -1
0 0.029057 -0.003775 -0.001533 0.897957 0.722898 -1
0 0.027915 -0.008399 -0.001533 0.882322 0.995988 -1
0 0.028200 -0.004873 -0.001533 0.886224 0.787767 -1
0 0.028216 -0.004874 -0.001533 0.886449 0.787787 -1
0 0.026922 -0.008279 -0.001533 0.868715 0.988864 -1
0 0.027525 -0.004832 -0.001533 0.876980 0.785356 -1
0 0.026050 -0.008078 -0.001533 0.856774 0.977033 -1
0 0.026981 -0.004771 -0.001533 0.869533 0.781714 -1
0 0.025658 -0.007947 -0.001533 0.851413 0.969290 -1
0 0.024770 -0.006703 -0.001533 0.839249 0.895820 -1
0 0.024783 -0.006696 -0.001533 0.839430 0.895393 -1
0 0.025657 -0.008112 -0.001533 0.851395 0.979002 -1
0 0.024657 -0.007173 -0.001533 0.837699 0.923546 -1
0 0.023892 -0.007376 -0.001533 0.827223 0.935580 -1
0 0.023976 -0.007371 -0.001533 0.828373 0.935283 -1
0 0.022766 -0.008316 -0.001533 0.811794 0.991057 -1
0 0.021828 -0.008321 -0.001533 0.798953 0.991376 -1
0 0.021901 -0.006321 -0.001533 0.799953 0.873253 -1
0 0.022075 -0.006503 -0.001533 0.802334 0.883987 -1
0 0.020690 -0.008231 -0.001533 0.783368 0.986070 -1
0 0.021098 -0.005271 -0.001533 0.788959 0.811254 -1
0 0.021252 -0.005409 -0.001533 0.791060 0.819403 -1
0 0.019716 -0.008039 -0.001533 0.770023 0.974690 -1
0 0.020473 -0.005229 -0.001533 0.780399 0.808755 -1
0 0.018893 -0.007755 -0.001533 0.758751 0.957966 -1
0 0.020016 -0.005166 -0.001533 0.774139 0.805070 -1
0 0.018210 -0.007394 -0.001533 0.749406 0.936611 -1
0 0.019825 -0.004886 -0.001533 0.771524 0.788504 -1
0 0.019991 -0.005161 -0.001533 0.773790 0.804743 -1
0 0.017656 -0.006966 -0.001533 0.741814 0.911375 -1
0 0.019738 -0.004709 -0.001533 0.770334 0.778070 -1
0 0.017219 -0.006485 -0.001533 0.735826 0.882952 -1
0 0.019695 -0.004596 -0.001533 0.769736 0.771388 -1
0 0.016886 -0.005962 -0.001533 0.731273 0.852073 -1
0 0.018047 0.001068 -0.001533 0.747166 0.436916 -1
0 0.016885 -0.008187 -0.001533 0.731247 0.983427 -1
0 0.012013 -0.003284 -0.001533 0.664532 0.693921 -1
0 0.012444 -0.008162 -0.001533 0.670425 0.981964 -1
0 0.012312 -0.008186 -0.001533 0.668625 0.983389 -1
0 0.011869 -0.003164 -0.001533 0.662559 0.686829 -1
0 0.007023 -0.008156 -0.001533 0.596179 0.981627 -1
0 0.006461 -0.008265 -0.001533 0.588491 0.988058 -1
0 0.006020 -0.005278 -0.001533 0.582444 0.811678 -1
0 0.005685 -0.008344 -0.001533 0.577859 0.992745 -1
0 0.004314 -0.008364 -0.001533 0.559087 0.993926 -1
0 0.004430 -0.005319 -0.001533 0.560668 0.814117 -1
0 0.003697 -0.005288 -0.001533 0.550633 0.812263 -1
0 0.003295 -0.008272 -0.001533 0.545128 0.988470 -1
0 0.002581 -0.008144 -0.001533 0.535353 0.980914 -1
0 0.003203 -0.005245 -0.001533 0.543859 0.809735 -1
0 0.002259 -0.008063 -0.001533 0.530931 0.976152 -1
0 0.003091 -0.005232 -0.001533 0.542337 0.808943 -1
0 0.001799 -0.007907 -0.001533 0.524643 0.966946 -1
0 0.002866 -0.005195 -0.001533 0.539254 0.806781 -1
0 0.001372 -0.007715 -0.001533 0.518785 0.955604 -1
0 0.002678 -0.005155 -0.001533 0.536669 0.804421 -1
0 0.000975 -0.007488 -0.001533 0.513354 0.942161 -1
0 0.002507 -0.005110 -0.001533 0.534334 0.801761 -1
0 0.000611 -0.007226 -0.001533 0.508366 0.926693 -1
0 0.000281 -0.006931 -0.001533 0.503840 0.909257 -1
0 -0.003089 -0.003458 -0.001533 0.457686 0.704205 -1
0 -0.003648 -0.002273 -0.001533 0.450031 0.634226 -1
0 -0.000283 -0.007424 -0.001533 0.496117 0.938411 -1
0 -0.000883 -0.007782 -0.001533 0.487898 0.959541 -1
0 -0.002766 -0.004008 -0.001533 0.462112 0.736656 -1
0 -0.001484 -0.008028 -0.001533 0.479667 0.974034 -1
0 -0.002975 -0.003670 -0.001533 0.459252 0.716698 -1
0 -0.002048 -0.008184 -0.001533 0.471948 0.983295 -1
0 -0.002911 -0.008326 -0.001533 0.460129 0.991639 -1
0 -0.004227 -0.008431 -0.001533 0.442100 0.997882 -1
0 -0.006478 -0.001389 -0.001533 0.411272 0.582013 -1
0 -0.007099 -0.002293 -0.001533 0.402765 0.635390 -1
0 -0.006749 -0.001484 -0.001533 0.407563 0.587609 -1
0 -0.006855 -0.008418 -0.001533 0.406116 0.997094 -1
0 -0.007905 -0.008323 -0.001533 0.391736 0.991470 -1
0 -0.008553 -0.008208 -0.001533 0.382861 0.984702 -1
0 -0.007386 -0.002884 -0.001533 0.398843 0.670331 -1
0 -0.009142 -0.008054 -0.001533 0.374786 0.975571 -1
0 -0.007707 -0.003485 -0.001533 0.394440 0.705790 -1
0 -0.009674 -0.007858 -0.001533 0.367498 0.964022 -1
0 -0.007983 -0.003945 -0.001533 0.390665 0.732976 -1
0 -0.010150 -0.007620 -0.001533 0.360979 0.949960 -1
0 -0.008208 -0.004277 -0.001533 0.387586 0.752585 -1
0 -0.010572 -0.007338 -0.001533 0.355200 0.933311 -1
0 -0.010941 -0.007011 -0.001533 0.350156 0.913981 -1
0 -0.014175 -0.003455 -0.001533 0.305860 0.704040 -1
0 -0.014327 -0.003166 -0.001533 0.303770 0.686960 -1
0 -0.011443 -0.007424 -0.001533 0.343268 0.938373 -1
0 -0.011991 -0.007746 -0.001533 0.335763 0.957403 -1
0 -0.013929 -0.003865 -0.001533 0.309228 0.728211 -1
0 -0.012577 -0.007989 -0.001533 0.327748 0.971784 -1
0 -0.013187 -0.008167 -0.001533 0.319386 0.982283 -1
0 -0.014444 -0.008376 -0.001533 0.302171 0.994638 -1
0 -0.015950 -0.008464 -0.001533 0.281542 0.999794 -1
0 -0.015271 -0.001401 -0.001533 0.290840 0.582752 -1
0 -0.016293 -0.008467 -0.001533 0.276845 1.000000 -1
0 0.022798 -0.002180 -0.001533 0.812233 0.628738 -1
0 0.023892 -0.004310 -0.001533 0.827223 0.754538 -1
0 0.023677 -0.004322 -0.001533 0.824282 0.755230 -1
0 0.022961 -0.002170 -0.001533 0.814477 0.628157 -1
0 0.022962 -0.001338 -0.001533 0.814490 0.579035 -1
0 0.025954 -0.004334 -0.001533 0.855469 0.755923 -1
0 0.025512 -0.004529 -0.001533 0.849405 0.767453 -1
0 0.023395 -0.001338 -0.001533 0.820408 0.579035 -1
0 0.029497 -0.000409 -0.001533 0.903984 0.524126 -1
0 0.023262 -0.000919 -0.001533 0.818595 0.554249 -1
0 0.022799 -0.000713 -0.001533 0.812246 0.542100 -1
0 0.022798 -0.000714 -0.001533 0.812233 0.542156 -1
0 0.022091 -0.006519 -0.001533 0.802554 0.884925 -1
0 0.023892 -0.006503 -0.001533 0.827223 0.883987 -1
0 0.025077 -0.006503 -0.001533 0.843457 0.883987 -1
0 0.025055 -0.006519 -0.001533 0.843154 0.884925 -1
0 0.023892 -0.006519 -0.001533 0.827223 0.884925 -1
0 0.024909 -0.006619 -0.001533 0.841149 0.890839 -1
0 0.023808 -0.007377 -0.001533 0.826065 0.935633 -1
0 0.024582 -0.007209 -0.001533 0.836678 0.925689 -1
0 0.024491 -0.007248 -0.001533 0.835422 0.928001 -1
0 0.024744 -0.006871 -0.001533 0.838894 0.905768 -1
0 0.024723 -0.006963 -0.001533 0.838608 0.911161 -1
0 0.024760 -0.006782 -0.001533 0.839112 0.900474 -1
0 0.024697 -0.007056 -0.001533 0.838247 0.916685 -1
0 0.024665 -0.007153 -0.001533 0.837806 0.922372 -1
0 0.024229 -0.007331 -0.001533 0.831832 0.932900 -1
0 0.024144 -0.007349 -0.001533 0.830672 0.933951 -1
0 0.024402 -0.007281 -0.001533 0.834201 0.929950 -1
0 0.024314 -0.007308 -0.001533 0.833006 0.931574 -1
0 0.024060 -0.007362 -0.001533 0.829521 0.934742 -1
0 0.023160 -0.007250 -0.001533 0.817199 0.928142 -1
0 0.023053 -0.007207 -0.001533 0.815730 0.925594 -1
0 0.023546 -0.007354 -0.001533 0.822483 0.934265 -1
0 0.023455 -0.007337 -0.001533 0.821232 0.933251 -1
0 0.023722 -0.007374 -0.001533 0.824893 0.935439 -1
0 0.023635 -0.007366 -0.001533 0.823701 0.934987 -1
0 0.023360 -0.007314 -0.001533 0.819940 0.931918 -1
0 0.023262 -0.007286 -0.001533 0.818599 0.930231 -1
0 0.022691 -0.007016 -0.001533 0.810771 0.914306 -1
0 0.022558 -0.006923 -0.001533 0.808955 0.908818 -1
0 0.022940 -0.007155 -0.001533 0.814176 0.922511 -1
0 0.022819 -0.007092 -0.001533 0.812524 0.918798 -1
0 0.022717 -0.007032 -0.001533 0.811123 0.915262 -1
0 0.022415 -0.006812 -0.001533 0.806999 0.902270 -1
0 0.022261 -0.006679 -0.001533 0.804877 0.894414 -1
0 0.021887 -0.006305 -0.001533 0.799765 0.872327 -1
0 0.024108 -0.004309 -0.001533 0.830182 0.754469 -1
0 0.022120 -0.004731 -0.001533 0.802957 0.779364 -1
0 0.022357 -0.004631 -0.001533 0.806191 0.773495 -1
0 0.021172 -0.005272 -0.001533 0.789973 0.811297 -1
0 0.021356 -0.005147 -0.001533 0.792492 0.803948 -1
0 0.021697 -0.006066 -0.001533 0.797160 0.858205 -1
0 0.021487 -0.005773 -0.001533 0.794280 0.840901 -1
0 0.021622 -0.004986 -0.001533 0.796132 0.794418 -1
0 0.021876 -0.004848 -0.001533 0.799612 0.786287 -1
0 0.023030 -0.004422 -0.001533 0.815420 0.761131 -1
0 0.023248 -0.004378 -0.001533 0.818395 0.758506 -1
0 0.022586 -0.004548 -0.001533 0.809335 0.768560 -1
0 0.022810 -0.004479 -0.001533 0.812405 0.764463 -1
0 0.023463 -0.004345 -0.001533 0.821344 0.756548 -1
0 0.026031 -0.004364 -0.001533 0.856520 0.757672 -1
0 0.026335 -0.004498 -0.001533 0.860675 0.765619 -1
0 0.024775 -0.004372 -0.001533 0.839311 0.758161 -1
0 0.025007 -0.004417 -0.001533 0.842493 0.760814 -1
0 0.024327 -0.004319 -0.001533 0.833172 0.755032 -1
0 0.024548 -0.004339 -0.001533 0.836210 0.756251 -1
0 0.025480 -0.004545 -0.001533 0.848974 0.768384 -1
0 0.025247 -0.004475 -0.001533 0.845775 0.764279 -1
0 0.026066 -0.005602 -0.001533 0.857001 0.830807 -1
0 0.025731 -0.005945 -0.001533 0.852415 0.851040 -1
0 0.026652 -0.004658 -0.001533 0.865029 0.775075 -1
0 0.026798 -0.004741 -0.001533 0.867023 0.779950 -1
0 0.026506 -0.005106 -0.001533 0.863022 0.801488 -1
0 0.025468 -0.006189 -0.001533 0.848802 0.865481 -1
0 0.025254 -0.006368 -0.001533 0.845878 0.876065 -1
0 -0.018048 -0.001417 -0.001533 0.252817 0.583650 -1
0 -0.019299 -0.008272 -0.001533 0.235674 0.988451 -1
0 -0.014603 -0.000072 -0.001533 0.299989 0.504222 -1
0 -0.015115 -0.001432 -0.001533 0.292985 0.584566 -1
0 -0.006519 -0.001405 -0.001533 0.410709 0.582962 -1
0 -0.003557 0.005601 -0.001533 0.451280 0.169245 -1
0 0.011454 -0.002746 -0.001533 0.656878 0.662174 -1
0 0.013663 0.004606 -0.001533 0.687120 0.228013 -1
0 0.022798 0.007837 -0.001533 0.812233 0.037197 -1
0 0.025657 0.005381 -0.001533 0.851395 0.182219 -1
0 0.025386 0.002038 -0.001533 0.847679 0.379663 -1
0 0.023213 -0.000714 -0.001533 0.817921 0.542138 -1
0 -0.010941 -0.007011 -0.001533 1.000000 1.000000 -1
0 -0.010941 -0.007011 0.008467 1.000000 0.000000 -1
0 -0.011443 -0.007424 0.008467 0.996971 0.000000 -1
0 -0.011443 -0.007424 -0.001533 0.996971 1.000000 -1
0 -0.011991 -0.007746 0.008467 0.994012 0.000000 -1
0 -0.011991 -0.007746 -0.001533 0.994012 1.000000 -1
0 -0.012577 -0.007989 0.008467 0.991062 0.000000 -1
0 -0.012577 -0.007989 -0.001533 0.991062 1.000000 -1
0 -0.013187 -0.008167 0.008467 0.988102 0.000000 -1
0 -0.013187 -0.008167 -0.001533 0.988102 1.000000 -1
0 -0.014444 -0.008376 0.008467 0.982171 0.000000 -1
0 -0.014444 -0.008376 -0.001533 0.982171 1.000000 -1
0 -0.015950 -0.008464 0.008467 0.975149 0.000000 -1
0 -0.015950 -0.008464 -0.001533 0.975149 1.000000 -1
0 -0.016293 -0.008467 0.008467 0.973553 0.000000 -1
0 -0.016293 -0.008467 -0.001533 0.973553 1.000000 -1
0 -0.016703 -0.008464 0.008467 0.971643 0.000000 -1
0 -0.016703 -0.008464 -0.001533 0.971643 1.000000 -1
0 -0.018407 -0.008385 0.008467 0.963705 0.000000 -1
0 -0.018407 -0.008385 -0.001533 0.963705 1.000000 -1
0 -0.019299 -0.008272 0.008467 0.959519 0.000000 -1
0 -0.019299 -0.008272 -0.001533 0.959519 1.000000 -1
0 -0.027229 -0.005689 0.008467 0.912156 0.000000 -1
0 -0.027229 -0.005689 -0.001533 0.912156 1.000000 -1
0 -0.027782 -0.003521 0.008467 0.901738 0.000000 -1
0 -0.027782 -0.003521 -0.001533 0.901738 1.000000 -1
0 -0.027838 -0.003492 0.008467 0.901446 0.000000 -1
0 -0.027838 -0.003492 -0.001533 0.901446 1.000000 -1
0 -0.025867 0.008406 0.008467 0.712301 0.000000 -1
0 -0.025867 0.008406 -0.001533 0.712301 1.000000 -1
0 -0.024874 0.008225 0.008467 0.707601 0.000000 -1
0 -0.024874 0.008225 -0.001533 0.707601 1.000000 -1
0 -0.023985 0.007927 0.008467 0.703241 0.000000 -1
0 -0.023985 0.007927 -0.001533 0.703241 1.000000 -1
0 -0.023209 0.007519 0.008467 0.699156 0.000000 -1
0 -0.023209 0.007519 -0.001533 0.699156 1.000000 -1
0 -0.022550 0.007001 0.008467 0.695257 0.000000 -1
0 -0.022550 0.007001 -0.001533 0.695257 1.000000 -1
0 -0.022015 0.006380 0.008467 0.691442 0.000000 -1
0 -0.022015 0.006380 -0.001533 0.691442 1.000000 -1
0 -0.021610 0.005659 0.008467 0.687592 0.000000 -1
0 -0.021610 0.005659 -0.001533 0.687592 1.000000 -1
0 -0.021341 0.004842 0.008467 0.683586 0.000000 -1
0 -0.021341 0.004842 -0.001533 0.683586 1.000000 -1
0 -0.021316 0.004727 0.008467 0.683039 0.000000 -1
0 -0.021316 0.004727 -0.001533 0.683039 1.000000 -1
0 -0.020731 0.005047 0.008467 0.679937 0.000000 -1
0 -0.020731 0.005047 -0.001533 0.679937 1.000000 -1
0 -0.020140 0.005274 0.008467 0.676990 0.000000 -1
0 -0.020140 0.005274 -0.001533 0.676990 1.000000 -1
0 -0.019564 0.005427 0.008467 0.674217 0.000000 -1
0 -0.019564 0.005427 -0.001533 0.674217 1.000000 -1
0 -0.018547 0.005575 0.008467 0.669430 0.000000 -1
0 -0.018547 0.005575 -0.001533 0.669430 1.000000 -1
0 -0.016423 0.005672 0.008467 0.659537 0.000000 -1
0 -0.016423 0.005672 -0.001533 0.659537 1.000000 -1
0 -0.014655 0.005588 0.008467 0.651298 0.000000 -1
0 -0.014655 0.005588 -0.001533 0.651298 1.000000 -1
0 -0.013603 0.005453 0.008467 0.646362 0.000000 -1
0 -0.013603 0.005453 -0.001533 0.646362 1.000000 -1
0 -0.013014 0.005315 0.008467 0.643545 0.000000 -1
0 -0.013014 0.005315 -0.001533 0.643545 1.000000 -1
0 -0.012506 0.005149 0.008467 0.641057 0.000000 -1
0 -0.012506 0.005148 -0.001533 0.641057 1.000000 -1
0 -0.012039 0.004946 0.008467 0.638686 0.000000 -1
0 -0.012039 0.004946 -0.001533 0.638686 1.000000 -1
0 -0.011612 0.004706 0.008467 0.636408 0.000000 -1
0 -0.011612 0.004706 -0.001533 0.636408 1.000000 -1
0 -0.011225 0.004431 0.008467 0.634200 0.000000 -1
0 -0.011225 0.004431 -0.001533 0.634200 1.000000 -1
0 -0.010880 0.004120 0.008467 0.632037 0.000000 -1
0 -0.010880 0.004120 -0.001533 0.632037 1.000000 -1
0 -0.010544 0.004433 0.008467 0.629901 0.000000 -1
0 -0.010544 0.004433 -0.001533 0.629901 1.000000 -1
0 -0.010150 0.004724 0.008467 0.627621 0.000000 -1
0 -0.010150 0.004724 -0.001533 0.627621 1.000000 -1
0 -0.009691 0.004986 0.008467 0.625161 0.000000 -1
0 -0.009691 0.004986 -0.001533 0.625161 1.000000 -1
0 -0.009162 0.005215 0.008467 0.622480 0.000000 -1
0 -0.009162 0.005214 -0.001533 0.622480 1.000000 -1
0 -0.008559 0.005403 0.008467 0.619539 0.000000 -1
0 -0.008559 0.005402 -0.001533 0.619539 1.000000 -1
0 -0.007877 0.005544 0.008467 0.616295 0.000000 -1
0 -0.007877 0.005544 -0.001533 0.616295 1.000000 -1
0 -0.006297 0.005687 0.008467 0.608913 0.000000 -1
0 -0.006297 0.005687 -0.001533 0.608913 1.000000 -1
0 -0.005025 0.005699 0.008467 0.602993 0.000000 -1
0 -0.005025 0.005699 -0.001533 0.602993 1.000000 -1
0 -0.003557 0.005601 0.008467 0.596144 0.000000 -1
0 -0.003557 0.005601 -0.001533 0.596144 1.000000 -1
0 -0.002578 0.005461 0.008467 0.591540 0.000000 -1
0 -0.002578 0.005461 -0.001533 0.591540 1.000000 -1
0 -0.002077 0.005345 0.008467 0.589146 0.000000 -1
0 -0.002077 0.005345 -0.001533 0.589146 1.000000 -1
0 -0.001579 0.005188 0.008467 0.586719 0.000000 -1
0 -0.001579 0.005188 -0.001533 0.586719 1.000000 -1
0 0.005798 -0.002270 0.008467 0.514706 0.000000 -1
0 0.005798 -0.002270 -0.001533 0.514706 1.000000 -1
0 0.026048 0.005250 0.008467 0.354913 0.000000 -1
0 0.026048 0.005250 -0.001533 0.354913 1.000000 -1
0 0.026943 0.005492 0.008467 0.350599 0.000000 -1
0 0.026943 0.005492 -0.001533 0.350599 1.000000 -1
0 0.028002 0.005635 0.008467 0.345626 0.000000 -1
0 0.028002 0.005635 -0.001533 0.345626 1.000000 -1
0 0.029714 0.005705 0.008467 0.337649 0.000000 -1
0 0.029714 0.005705 -0.001533 0.337649 1.000000 -1
0 0.031502 0.005606 0.008467 0.329314 0.000000 -1
0 0.031502 0.005606 -0.001533 0.329314 1.000000 -1
0 0.032165 0.005524 0.008467 0.326205 0.000000 -1
0 0.032165 0.005524 -0.001533 0.326205 1.000000 -1
0 0.032794 0.005405 0.008467 0.323227 0.000000 -1
0 0.032794 0.005405 -0.001533 0.323227 1.000000 -1
0 0.033423 0.005227 0.008467 0.320184 0.000000 -1
0 0.033423 0.005227 -0.001533 0.320184 1.000000 -1
0 0.034033 0.004972 0.008467 0.317105 0.000000 -1
0 0.034033 0.004972 -0.001533 0.317105 1.000000 -1
0 0.034609 0.004625 0.008467 0.313977 0.000000 -1
0 0.034609 0.004625 -0.001533 0.313977 1.000000 -1
0 0.035131 0.004170 0.008467 0.310752 0.000000 -1
0 0.035131 0.004170 -0.001533 0.310752 1.000000 -1
0 0.035581 0.003588 0.008467 0.307327 0.000000 -1
0 0.035581 0.003588 -0.001533 0.307327 1.000000 -1
0 0.035809 0.003157 0.008467 0.305061 0.000000 -1
0 0.035809 0.003157 -0.001533 0.305061 1.000000 -1
0 0.035966 0.002731 0.008467 0.302947 0.000000 -1
0 0.035966 0.002731 -0.001533 0.302947 1.000000 -1
0 0.036065 0.002288 0.008467 0.300834 0.000000 -1
0 0.036065 0.002288 -0.001533 0.300834 1.000000 -1
0 0.036155 0.001270 0.008467 0.296076 0.000000 -1
0 0.036155 0.001270 -0.001533 0.296076 1.000000 -1
0 0.036319 -0.001730 0.008467 0.281561 0.000000 -1
0 0.036319 -0.001730 -0.001533 0.281561 1.000000 -1
0 0.036443 -0.002397 0.008467 0.278405 0.000000 -1
0 0.036443 -0.002397 -0.001533 0.278405 1.000000 -1
0 0.036507 -0.003145 0.008467 0.274910 0.000000 -1
0 0.036507 -0.003145 -0.001533 0.274910 1.000000 -1
0 0.036504 -0.003935 0.008467 0.271233 0.000000 -1
0 0.036504 -0.003935 -0.001533 0.271233 1.000000 -1
0 0.036417 -0.004732 0.008467 0.267501 0.000000 -1
0 0.036417 -0.004732 -0.001533 0.267501 1.000000 -1
0 0.036330 -0.005162 0.008467 0.265457 0.000000 -1
0 0.036330 -0.005162 -0.001533 0.265457 1.000000 -1
0 0.035922 -0.006199 0.008467 0.260273 0.000000 -1
0 0.035922 -0.006199 -0.001533 0.260273 1.000000 -1
0 0.035348 -0.006975 0.008467 0.255780 0.000000 -1
0 0.035348 -0.006975 -0.001533 0.255780 1.000000 -1
0 0.034672 -0.007531 0.008467 0.251708 0.000000 -1
0 0.034672 -0.007531 -0.001533 0.251708 1.000000 -1
0 0.033957 -0.007905 0.008467 0.247951 0.000000 -1
0 0.033957 -0.007905 -0.001533 0.247951 1.000000 -1
0 0.033265 -0.008135 0.008467 0.244554 0.000000 -1
0 0.033265 -0.008135 -0.001533 0.244554 1.000000 -1
0 0.032658 -0.008263 0.008467 0.241669 0.000000 -1
0 0.032658 -0.008263 -0.001533 0.241669 1.000000 -1
0 0.031361 -0.008406 0.008467 0.235595 0.000000 -1
0 0.031361 -0.008406 -0.001533 0.235595 1.000000 -1
0 0.028999 -0.008443 0.008467 0.224600 0.000000 -1
0 0.028999 -0.008443 -0.001533 0.224600 1.000000 -1
0 0.027915 -0.008399 0.008467 0.219551 0.000000 -1
0 0.027915 -0.008399 -0.001533 0.219551 1.000000 -1
0 0.026922 -0.008279 0.008467 0.214893 0.000000 -1
0 0.026922 -0.008279 -0.001533 0.214893 1.000000 -1
0 0.026050 -0.008078 0.008467 0.210729 0.000000 -1
0 0.026050 -0.008078 -0.001533 0.210729 1.000000 -1
0 0.022766 -0.008316 0.008467 0.194550 0.000000 -1
0 0.022766 -0.008316 -0.001533 0.194550 1.000000 -1
0 0.021828 -0.008321 0.008467 0.190186 0.000000 -1
0 0.021828 -0.008321 -0.001533 0.190186 1.000000 -1
0 0.020690 -0.008231 0.008467 0.184873 0.000000 -1
0 0.020690 -0.008231 -0.001533 0.184873 1.000000 -1
0 0.019716 -0.008039 0.008467 0.180250 0.000000 -1
0 0.019716 -0.008039 -0.001533 0.180250 1.000000 -1
0 0.018893 -0.007755 0.008467 0.176199 0.000000 -1
0 0.018893 -0.007755 -0.001533 0.176199 1.000000 -1
0 0.018210 -0.007394 0.008467 0.172605 0.000000 -1
0 0.018210 -0.007394 -0.001533 0.172605 1.000000 -1
0 0.017656 -0.006966 0.008467 0.169347 0.000000 -1
0 0.017656 -0.006966 -0.001533 0.169347 1.000000 -1
0 0.017219 -0.006485 0.008467 0.166321 0.000000 -1
0 0.017219 -0.006485 -0.001533 0.166321 1.000000 -1
0 0.007023 -0.008156 0.008467 0.107171 0.000000 -1
0 0.007023 -0.008156 -0.001533 0.107171 1.000000 -1
0 0.006461 -0.008265 0.008467 0.104510 0.000000 -1
0 0.006461 -0.008265 -0.001533 0.104510 1.000000 -1
0 0.005685 -0.008344 0.008467 0.100878 0.000000 -1
0 0.005685 -0.008344 -0.001533 0.100878 1.000000 -1
0 0.004314 -0.008364 0.008467 0.094497 0.000000 -1
0 0.004314 -0.008364 -0.001533 0.094497 1.000000 -1
0 0.003295 -0.008272 0.008467 0.089734 0.000000 -1
0 0.003295 -0.008272 -0.001533 0.089734 1.000000 -1
0 0.002581 -0.008144 0.008467 0.086359 0.000000 -1
0 0.002581 -0.008144 -0.001533 0.086359 1.000000 -1
0 0.002259 -0.008063 0.008467 0.084810 0.000000 -1
0 0.002259 -0.008063 -0.001533 0.084810 1.000000 -1
0 0.001799 -0.007907 0.008467 0.082553 0.000000 -1
0 0.001799 -0.007907 -0.001533 0.082553 1.000000 -1
0 0.001372 -0.007715 0.008467 0.080371 0.000000 -1
0 0.001372 -0.007715 -0.001533 0.080371 1.000000 -1
0 0.000975 -0.007488 0.008467 0.078243 0.000000 -1
0 0.000975 -0.007488 -0.001533 0.078243 1.000000 -1
0 0.000611 -0.007226 0.008467 0.076155 0.000000 -1
0 0.000611 -0.007226 -0.001533 0.076155 1.000000 -1
0 0.000281 -0.006931 0.008467 0.074092 0.000000 -1
0 0.000281 -0.006931 -0.001533 0.074092 1.000000 -1
0 -0.000283 -0.007424 0.008467 0.070603 0.000000 -1
0 -0.000283 -0.007424 -0.001533 0.070603 1.000000 -1
0 -0.000883 -0.007782 0.008467 0.067352 0.000000 -1
0 -0.000883 -0.007782 -0.001533 0.067352 1.000000 -1
0 -0.001484 -0.008028 0.008467 0.064330 0.000000 -1
0 -0.001484 -0.008028 -0.001533 0.064330 1.000000 -1
0 -0.002048 -0.008184 0.008467 0.061607 0.000000 -1
0 -0.002048 -0.008184 -0.001533 0.061607 1.000000 -1
0 -0.002911 -0.008326 0.008467 0.057537 0.000000 -1
0 -0.002911 -0.008326 -0.001533 0.057537 1.000000 -1
0 -0.004227 -0.008431 0.008467 0.051390 0.000000 -1
0 -0.004227 -0.008431 -0.001533 0.051390 1.000000 -1
0 -0.006855 -0.008418 0.008467 0.039162 0.000000 -1
0 -0.006855 -0.008418 -0.001533 0.039162 1.000000 -1
0 -0.007905 -0.008323 0.008467 0.034255 0.000000 -1
0 -0.007905 -0.008323 -0.001533 0.034255 1.000000 -1
0 -0.008553 -0.008208 0.008467 0.031192 0.000000 -1
0 -0.008553 -0.008208 -0.001533 0.031192 1.000000 -1
0 -0.009142 -0.008054 0.008467 0.028355 0.000000 -1
0 -0.009142 -0.008054 -0.001533 0.028355 1.000000 -1
0 -0.009674 -0.007858 0.008467 0.025716 0.000000 -1
0 -0.009674 -0.007858 -0.001533 0.025716 1.000000 -1
0 -0.010150 -0.007620 0.008467 0.023239 0.000000 -1
0 -0.010150 -0.007620 -0.001533 0.023239 1.000000 -1
0 -0.010572 -0.007338 0.008467 0.020877 0.000000 -1
0 -0.010572 -0.007338 -0.001533 0.020877 1.000000 -1
0 -0.010941 -0.007011 0.008467 0.018583 0.000000 -1
0 -0.010941 -0.007011 -0.001533 0.018583 1.000000 -1
0 0.023262 -0.000919 0.008467 0.003063 0.000000 -1
0 0.023262 -0.000919 -0.001533 0.003063 1.000000 -1
0 0.023892 -0.006503 -0.001533 0.000147 1.000000 -1
0 0.023892 -0.006503 0.008467 0.000147 0.000000 -1
0 0.023892 -0.006506 0.008467 0.000132 0.000000 -1
0 0.023892 -0.006506 -0.001533 0.000132 1.000000 -1
0 0.023892 -0.006509 0.008467 0.000117 0.000000 -1
0 0.023892 -0.006509 -0.001533 0.000117 1.000000 -1
0 0.023892 -0.006512 0.008467 0.000103 0.000000 -1
0 0.023892 -0.006512 -0.001533 0.000103 1.000000 -1
0 0.023892 -0.006515 0.008467 0.000088 0.000000 -1
0 0.023892 -0.006515 -0.001533 0.000088 1.000000 -1
0 0.023892 -0.006519 0.008467 0.000073 0.000000 -1
0 0.023892 -0.006519 -0.001533 0.000073 1.000000 -1
0 0.023892 -0.006515 0.008467 0.000058 0.000000 -1
0 0.023892 -0.006515 -0.001533 0.000058 1.000000 -1
0 0.023892 -0.006512 0.008467 0.000043 0.000000 -1
0 0.023892 -0.006512 -0.001533 0.000043 1.000000 -1
0 0.023892 -0.006509 0.008467 0.000029 0.000000 -1
0 0.023892 -0.006509 -0.001533 0.000029 1.000000 -1
0 0.023892 -0.006506 0.008467 0.000014 0.000000 -1
0 0.023892 -0.006506 -0.001533 0.000014 1.000000 -1
0 0.023892 -0.006503 0.008467 -0.000000 0.000000 -1
0 0.023892 -0.006503 -0.001533 -0.000000 1.000000 -1
193
0.983400 0.181600 -0.000000
-0.005200 -1.000000 0.000000
1.000000 -0.000200 0.000000
0.000000 -1.000000 0.000000
-1.000000 -0.000000 0.000000
-1.000000 0.002800 0.000000
-1.000000 0.003100 -0.000000
0.000000 1.000000 -0.000000
1.000000 0.000000 0.000000
-1.000000 0.000300 -0.000000
0.000200 1.000000 -0.000000
0.000300 1.000000 -0.000000
1.000000 -0.007500 0.000000
1.000000 -0.007900 0.000000
1.000000 -0.000400 0.000000
1.000000 -0.000900 0.000000
0.087900 -0.996100 -0.000000
0.087800 -0.996100 -0.000000
-0.059900 0.998200 -0.000000
-1.000000 0.001200 -0.000000
-0.001400 -1.000000 0.000000
0.696200 -0.717800 -0.000000
0.696000 -0.718000 -0.000000
0.696300 -0.717700 0.000000
0.713500 -0.700600 -0.000000
0.713400 -0.700800 0.000000
0.713300 -0.700900 0.000000
0.000000 0.000000 -1.000000
0.000500 -0.000000 -1.000000
-0.000500 0.000000 -1.000000
0.000300 0.000000 -1.000000
-0.000100 0.000000 -1.000000
0.634700 -0.772700 -0.000000
0.634800 -0.772700 0.000000
0.572600 -0.819800 0.000000
0.446400 -0.894800 0.000000
0.332300 -0.943200 0.000000
0.222400 -0.975000 0.000000
0.111200 -0.993800 0.000000
0.034000 -0.999400 0.000000
0.001200 -1.000000 0.000000
-0.027200 -0.999600 0.000000
-0.086200 -0.996300 0.000000
-0.179500 -0.983800 0.000000
-0.232800 -0.972500 0.000000
-0.985100 -0.171700 -0.000000
-0.977800 -0.209700 0.000000
-0.969000 -0.247100 0.000000
-0.455400 -0.890300 -0.000000
-0.455200 -0.890400 0.000000
-0.234100 -0.972200 0.000000
-0.234300 -0.972200 -0.000000
0.005800 1.000000 -0.000000
0.093000 0.995700 -0.000000
0.249000 0.968500 -0.000000
0.392900 0.919600 -0.000000
0.544000 0.839100 -0.000000
0.690800 0.723100 -0.000000
0.818800 0.574000 -0.000000
0.915200 0.403000 -0.000000
0.964700 0.263300 -0.000000
0.977000 0.213000 -0.000000
0.977000 0.213400 -0.000000
-0.479700 0.877400 -0.000000
-0.420700 0.907200 -0.000000
-0.308500 0.951200 -0.000000
-0.200200 0.979800 -0.000000
-0.094800 0.995500 -0.000000
0.000700 1.000000 -0.000000
0.087800 0.996100 -0.000000
0.178200 0.984000 -0.000000
0.269700 0.962900 -0.000000
0.355200 0.934800 -0.000000
0.444100 0.896000 -0.000000
0.534900 0.844900 -0.000000
0.625500 0.780200 -0.000000
0.669100 0.743200 -0.000000
0.668900 0.743400 -0.000000
-0.682100 0.731300 -0.000000
-0.682100 0.731200 -0.000000
-0.638600 0.769500 -0.000000
-0.545700 0.838000 -0.000000
-0.446800 0.894600 -0.000000
-0.447100 0.894500 -0.000000
-0.347400 0.937700 -0.000000
-0.251000 0.968000 -0.000000
-0.147100 0.989100 -0.000000
-0.049700 0.998800 -0.000000
0.028700 0.999600 -0.000000
0.104400 0.994500 -0.000000
0.183700 0.983000 -0.000000
0.262800 0.964900 -0.000000
0.347000 0.937900 -0.000000
0.347400 0.937700 -0.000000
0.392700 0.919600 -0.000000
-0.004700 1.000000 -0.000000
-0.040800 0.999200 -0.000000
-0.076800 0.997000 -0.000000
-0.361900 0.932200 -0.000000
-0.311900 0.950100 -0.000000
-0.197900 0.980200 -0.000000
-0.087500 0.996200 -0.000000
0.007100 1.000000 -0.000000
0.088800 0.996000 -0.000000
0.154600 0.988000 -0.000000
0.229900 0.973200 -0.000000
0.329400 0.944200 -0.000000
0.451700 0.892200 -0.000000
0.589100 0.808100 -0.000000
0.727800 0.685800 -0.000000
0.840400 0.542000 -0.000000
0.913100 0.407800 -0.000000
0.913300 0.407400 -0.000000
0.959300 0.282400 -0.000000
0.988200 0.153400 -0.000000
0.998300 0.058100 -0.000000
0.998300 0.057800 0.000000
0.999600 0.028100 -0.000000
0.952900 0.303400 -0.000000
0.969800 0.243900 -0.000000
0.969900 0.243600 -0.000000
0.990900 0.134200 -0.000000
0.999200 0.040700 -0.000000
0.998400 -0.056200 0.000000
0.998400 -0.056600 0.000000
0.988200 -0.153500 0.000000
0.959000 -0.283300 0.000000
0.874800 -0.484500 0.000000
0.725000 -0.688800 0.000000
0.725200 -0.688500 0.000000
0.552000 -0.833800 0.000000
0.391200 -0.920300 0.000000
0.261300 -0.965300 0.000000
0.157700 -0.987500 0.000000
0.062800 -0.998000 0.000000
-0.012300 -0.999900 0.000000
-0.080600 -0.996700 0.000000
-0.172500 -0.985000 0.000000
-0.270900 -0.962600 0.000000
-0.317400 -0.948300 0.000000
-0.317700 -0.948200 0.000000
0.070500 -0.997500 0.000000
0.038100 -0.999300 0.000000
-0.036500 -0.999300 0.000000
-0.136600 -0.990600 0.000000
-0.260300 -0.965500 0.000000
-0.397900 -0.917400 0.000000
-0.541300 -0.840800 0.000000
-0.678200 -0.734800 0.000000
-0.678000 -0.735100 0.000000
-0.794800 -0.606800 0.000000
-0.843900 -0.536400 -0.000000
-0.005600 -1.000000 0.000000
0.092800 -0.995700 0.000000
0.146200 -0.989300 0.000000
0.058200 -0.998300 0.000000
-0.037900 -0.999300 0.000000
-0.133400 -0.991100 0.000000
-0.209500 -0.977800 0.000000
-0.209800 -0.977700 0.000000
-0.282300 -0.959300 0.000000
-0.366000 -0.930600 0.000000
-0.454400 -0.890800 0.000000
-0.541800 -0.840500 0.000000
-0.541500 -0.840700 0.000000
-0.626300 -0.779600 0.000000
-0.625900 -0.779900 0.000000
-0.666200 -0.745800 0.000000
-0.666100 -0.745800 0.000000
0.658600 -0.752400 0.000000
0.659000 -0.752100 -0.000000
0.587800 -0.809000 0.000000
0.323600 -0.946200 0.000000
0.215400 -0.976500 0.000000
0.120900 -0.992700 0.000000
0.037500 -0.999300 0.000000
-0.047800 -0.998900 0.000000
-0.132400 -0.991200 0.000000
-0.214200 -0.976800 0.000000
-0.299800 -0.954000 0.000000
-0.396800 -0.917900 0.000000
-0.502400 -0.864600 0.000000
-0.611000 -0.791600 0.000000
-0.611300 -0.791400 0.000000
-0.664400 -0.747400 -0.000000
-0.953700 -0.300800 0.000000
-0.963600 -0.267400 0.000000
-0.972500 -0.233100 0.000000
-0.972400 -0.233300 0.000000
0.707000 0.000000 0.707200
0.707100 0.000000 0.707100
-0.707000 0.000000 0.707200
-0.707100 0.000000 0.707100
922
0 0 1 2 0 0 0 1
0 0 2 3 0 0 0 1
0 3 2 4 1 1 1 1
0 3 4 5 1 1 1 1
0 6 7 8 2 2 2 1
0 6 8 9 2 2 2 1
0 9 8 10 3 3 3 1
0 9 10 11 3 3 3 1
0 11 10 12 4 4 4 1
0 11 12 13 4 4 4 1
0 14 15 16 5 5 5 1
0 14 16 17 6 6 6 1
0 17 16 18 7 7 7 1
0 17 18 19 7 7 7 1
0 19 18 20 8 8 8 1
0 19 20 21 8 8 8 1
0 22 23 24 9 9 9 1
0 22 24 25 9 9 9 1
0 25 24 26 7 7 7 1
0 25 26 27 7 7 7 1
0 27 26 28 9 9 9 1
0 27 28 29 9 9 9 1
0 29 28 30 7 7 7 1
0 29 30 31 7 7 7 1
0 31 30 32 8 8 8 1
0 31 32 33 8 8 8 1
0 33 32 34 10 10 10 1
0 33 34 35 10 10 10 1
0 35 34 36 8 8 8 1
0 35 36 37 8 8 8 1
0 37 36 38 11 11 11 1
0 37 38 39 11 11 11 1
0 39 38 40 8 8 8 1
0 39 40 41 8 8 8 1
0 42 43 44 3 3 3 1
0 42 44 45 3 3 3 1
0 46 47 48 12 12 12 1
0 46 48 49 13 13 13 1
0 50 51 52 14 14 14 1
0 50 52 53 15 15 15 1
0 54 55 56 16 16 16 1
0 54 56 57 17 17 17 1
0 58 59 60 8 8 8 1
0 58 60 61 8 8 8 1
0 61 60 62 18 18 18 1
0 61 62 63 18 18 18 1
0 63 62 64 19 19 19 1
0 63 64 65 19 19 19 1
0 65 64 66 7 7 7 1
0 65 66 67 7 7 7 1
0 68 69 70 20 20 20 1
0 68 70 71 20 20 20 1
0 71 70 72 21 22 23 1
0 71 72 73 24 25 26 1
0 74 75 76 27 27 27 1
0 77 78 75 27 27 27 1
0 79 80 81 27 27 27 1
0 79 82 83 27 27 27 1
0 82 84 85 27 27 27 1
0 86 85 84 27 27 27 1
0 87 88 89 27 27 27 1
0 87 90 91 27 27 27 1
0 92 93 94 27 27 27 1
0 92 95 96 27 27 27 1
0 95 97 96 27 27 27 1
0 98 94 93 27 27 27 1
0 99 100 94 27 27 27 1
0 101 102 103 27 27 27 1
0 104 105 102 27 27 27 1
0 106 107 108 27 27 27 1
0 109 110 107 27 27 27 1
0 111 112 109 27 27 27 1
0 113 110 109 27 27 27 1
0 114 105 104 27 27 27 1
0 115 89 88 27 27 27 1
0 116 117 81 27 27 27 1
0 118 119 116 27 27 27 1
0 120 117 116 28 28 28 1
0 121 78 77 27 27 27 1
0 122 123 124 27 27 27 1
0 125 126 122 27 27 27 1
0 127 128 129 27 27 27 1
0 130 131 132 27 27 27 1
0 131 133 134 27 27 27 1
0 133 135 136 27 27 27 1
0 135 137 138 27 27 27 1
0 137 139 138 27 27 27 1
0 140 141 142 27 27 27 1
0 143 144 141 27 27 27 1
0 145 146 147 27 27 27 1
0 148 149 147 27 27 27 1
0 150 151 149 27 27 27 1
0 152 143 151 27 27 27 1
0 153 144 143 27 27 27 1
0 154 155 144 27 27 27 1
0 156 157 155 27 27 27 1
0 158 159 156 27 27 27 1
0 160 161 162 27 27 27 1
0 163 164 165 27 27 27 1
0 164 166 165 27 27 27 1
0 167 168 169 27 27 27 1
0 170 171 172 27 27 27 1
0 171 173 172 27 27 27 1
0 174 175 176 27 27 27 1
0 177 178 179 27 27 27 1
0 180 181 182 27 27 27 1
0 180 183 184 27 27 27 1
0 185 186 184 27 27 27 1
0 187 188 185 27 27 27 1
0 189 190 187 27 27 27 1
0 191 188 187 27 27 27 1
0 192 193 191 27 27 27 1
0 194 195 192 27 27 27 1
0 196 197 198 27 27 27 1
0 199 200 196 27 27 27 1
0 199 201 202 27 27 27 1
0 203 204 202 27 27 27 1
0 205 206 207 27 27 27 1
0 208 209 206 27 27 27 1
0 208 210 211 27 27 27 1
0 212 213 210 27 27 27 1
0 214 215 216 27 27 27 1
0 215 217 218 27 27 27 1
0 217 219 220 27 27 27 1
0 219 221 222 27 27 27 1
0 221 223 224 27 27 27 1
0 223 225 226 27 27 27 1
0 225 227 228 27 27 27 1
0 227 229 230 27 27 27 1
0 229 231 232 27 27 27 1
0 231 233 234 27 27 27 1
0 233 235 234 27 27 27 1
0 236 213 212 27 27 27 1
0 237 238 236 27 27 27 1
0 239 240 241 27 27 27 1
0 240 242 243 27 27 27 1
0 242 244 245 27 27 27 1
0 246 247 244 27 27 27 1
0 248 249 250 27 27 27 1
0 251 252 250 27 27 27 1
0 253 254 255 27 27 27 1
0 256 251 255 29 29 29 1
0 257 252 251 27 27 27 1
0 258 246 259 27 27 27 1
0 260 247 246 27 27 27 1
0 261 237 262 27 27 27 1
0 261 263 264 27 27 27 1
0 265 266 267 30 30 30 1
0 265 268 269 27 27 27 1
0 268 270 271 27 27 27 1
0 272 273 274 27 27 27 1
0 272 275 276 27 27 27 1
0 277 278 279 27 27 27 1
0 280 281 282 27 27 27 1
0 283 284 285 27 27 27 1
0 283 286 287 27 27 27 1
0 286 288 289 27 27 27 1
0 290 291 292 27 27 27 1
0 293 294 291 27 27 27 1
0 295 296 294 27 27 27 1
0 297 193 298 27 27 27 1
0 297 299 300 27 27 27 1
0 301 300 299 27 27 27 1
0 302 303 300 27 27 27 1
0 304 182 181 27 27 27 1
0 304 305 306 27 27 27 1
0 307 179 178 27 27 27 1
0 307 308 309 27 27 27 1
0 310 309 308 27 27 27 1
0 311 312 313 27 27 27 1
0 312 314 315 27 27 27 1
0 314 316 317 27 27 27 1
0 316 318 319 27 27 27 1
0 318 320 321 27 27 27 1
0 322 176 175 27 27 27 1
0 323 169 168 27 27 27 1
0 324 325 169 27 27 27 1
0 326 327 328 27 27 27 1
0 329 330 328 27 27 27 1
0 331 324 330 27 27 27 1
0 332 325 324 27 27 27 1
0 333 159 158 27 27 27 1
0 334 155 333 27 27 27 1
0 335 336 337 27 27 27 1
0 338 339 340 27 27 27 1
0 339 341 342 27 27 27 1
0 341 343 344 27 27 27 1
0 343 345 346 27 27 27 1
0 345 347 346 27 27 27 1
0 348 142 141 27 27 27 1
0 349 350 142 27 27 27 1
0 351 352 353 27 27 27 1
0 354 349 353 27 27 27 1
0 355 350 349 27 27 27 1
0 356 128 127 27 27 27 1
0 357 125 358 27 27 27 1
0 359 126 125 27 27 27 1
0 124 123 359 27 27 27 1
0 360 292 291 27 27 27 1
0 361 362 363 27 27 27 1
0 364 365 366 27 27 27 1
0 367 267 266 27 27 27 1
0 206 368 264 27 27 27 1
0 202 204 369 27 27 27 1
0 196 200 370 27 27 27 1
0 371 195 194 27 27 27 1
0 372 282 373 27 27 27 1
0 373 374 375 27 27 27 1
0 376 375 377 27 27 27 1
0 376 277 378 27 27 27 1
0 376 379 380 27 27 27 1
0 376 381 382 27 27 27 1
0 376 274 273 27 27 27 1
0 377 274 376 27 27 27 1
0 383 381 376 27 27 27 1
0 376 384 385 27 27 27 1
0 382 384 376 27 27 27 1
0 276 379 376 27 27 27 1
0 376 386 387 27 27 27 1
0 376 388 389 27 27 27 1
0 380 388 376 27 27 27 1
0 389 386 376 27 27 27 1
0 376 390 278 27 27 27 1
0 387 390 376 27 27 27 1
0 277 376 278 27 27 27 1
0 376 391 392 27 27 27 1
0 376 393 394 27 27 27 1
0 376 395 396 27 27 27 1
0 378 395 376 27 27 27 1
0 396 393 376 27 27 27 1
0 376 397 398 27 27 27 1
0 394 397 376 27 27 27 1
0 398 391 376 27 27 27 1
0 376 399 400 27 27 27 1
0 376 401 402 27 27 27 1
0 392 401 376 27 27 27 1
0 403 399 376 27 27 27 1
0 376 404 405 27 27 27 1
0 400 404 376 27 27 27 1
0 405 372 376 27 27 27 1
0 281 406 373 27 27 27 1
0 373 361 407 27 27 27 1
0 373 408 409 27 27 27 1
0 285 410 411 27 27 27 1
0 373 412 413 27 27 27 1
0 406 412 373 27 27 27 1
0 413 285 373 27 27 27 1
0 373 414 415 27 27 27 1
0 411 414 373 27 27 27 1
0 415 408 373 27 27 27 1
0 373 416 417 27 27 27 1
0 373 418 419 27 27 27 1
0 409 418 373 27 27 27 1
0 419 416 373 27 27 27 1
0 373 420 362 27 27 27 1
0 417 420 373 27 27 27 1
0 361 373 362 27 27 27 1
0 373 421 422 27 27 27 1
0 373 423 424 27 27 27 1
0 373 425 426 27 27 27 1
0 407 425 373 27 27 27 1
0 426 423 373 27 27 27 1
0 427 366 373 30 30 30 1
0 424 428 373 27 27 27 1
0 365 421 373 27 27 27 1
0 373 429 430 27 27 27 1
0 431 432 433 27 27 27 1
0 422 431 373 27 27 27 1
0 433 429 373 27 27 27 1
0 373 434 435 27 27 27 1
0 430 434 373 27 27 27 1
0 435 374 373 27 27 27 1
0 76 124 74 27 27 27 1
0 78 76 75 27 27 27 1
0 436 77 75 27 27 27 1
0 75 437 436 27 27 27 1
0 79 81 436 27 27 27 1
0 436 437 79 27 27 27 1
0 83 80 79 27 27 27 1
0 85 83 82 27 27 27 1
0 87 89 80 27 27 27 1
0 89 81 80 27 27 27 1
0 87 80 83 27 27 27 1
0 87 83 85 27 27 27 1
0 85 86 87 27 27 27 1
0 91 88 87 27 27 27 1
0 92 94 100 27 27 27 1
0 92 100 91 27 27 27 1
0 91 90 92 27 27 27 1
0 96 93 92 27 27 27 1
0 97 98 93 27 27 27 1
0 93 96 97 27 27 27 1
0 101 99 94 27 27 27 1
0 94 98 101 27 27 27 1
0 103 99 101 27 27 27 1
0 105 103 102 27 27 27 1
0 102 106 104 27 27 27 1
0 108 104 106 27 27 27 1
0 110 108 107 27 27 27 1
0 107 111 109 27 27 27 1
0 109 112 113 27 27 27 1
0 114 104 108 27 27 27 1
0 114 108 110 27 27 27 1
0 110 113 114 27 27 27 1
0 115 88 105 27 27 27 1
0 103 105 88 27 27 27 1
0 105 114 115 27 27 27 1
0 99 103 88 27 27 27 1
0 99 88 91 27 27 27 1
0 91 100 99 27 27 27 1
0 436 81 117 27 27 27 1
0 116 81 115 27 27 27 1
0 117 77 436 27 27 27 1
0 81 89 115 27 27 27 1
0 115 118 116 27 27 27 1
0 116 119 120 27 27 27 1
0 121 77 117 27 27 27 1
0 117 120 121 27 27 27 1
0 122 124 76 27 27 27 1
0 121 122 76 27 27 27 1
0 76 78 121 27 27 27 1
0 126 123 122 27 27 27 1
0 358 125 122 27 27 27 1
0 122 129 358 27 27 27 1
0 128 358 129 27 27 27 1
0 438 127 129 27 27 27 1
0 129 130 438 27 27 27 1
0 132 438 130 27 27 27 1
0 134 132 131 27 27 27 1
0 136 134 133 27 27 27 1
0 138 136 135 27 27 27 1
0 140 142 138 27 27 27 1
0 136 138 142 27 27 27 1
0 138 139 140 27 27 27 1
0 134 136 142 27 27 27 1
0 132 134 142 27 27 27 1
0 438 132 142 27 27 27 1
0 438 142 439 27 27 27 1
0 439 127 438 27 27 27 1
0 336 141 144 27 27 27 1
0 151 143 141 27 27 27 1
0 440 336 144 27 27 27 1
0 144 334 440 27 27 27 1
0 149 151 141 27 27 27 1
0 147 149 141 27 27 27 1
0 147 141 140 27 27 27 1
0 140 145 147 27 27 27 1
0 147 146 148 27 27 27 1
0 149 148 150 27 27 27 1
0 151 150 152 27 27 27 1
0 143 152 153 27 27 27 1
0 155 334 144 27 27 27 1
0 144 153 154 27 27 27 1
0 155 154 156 27 27 27 1
0 159 157 156 27 27 27 1
0 156 441 158 27 27 27 1
0 160 162 158 27 27 27 1
0 160 158 441 27 27 27 1
0 441 163 160 27 27 27 1
0 165 160 163 27 27 27 1
0 170 167 169 27 27 27 1
0 170 169 165 27 27 27 1
0 160 165 169 27 27 27 1
0 165 166 170 27 27 27 1
0 169 161 160 27 27 27 1
0 172 167 170 27 27 27 1
0 174 176 167 27 27 27 1
0 176 168 167 27 27 27 1
0 174 167 172 27 27 27 1
0 172 173 174 27 27 27 1
0 174 177 179 27 27 27 1
0 174 179 309 27 27 27 1
0 174 309 310 27 27 27 1
0 174 310 313 27 27 27 1
0 174 313 315 27 27 27 1
0 174 315 317 27 27 27 1
0 174 317 319 27 27 27 1
0 174 319 321 27 27 27 1
0 321 175 174 31 31 31 1
0 180 182 306 27 27 27 1
0 177 180 306 27 27 27 1
0 306 178 177 27 27 27 1
0 180 184 442 27 27 27 1
0 442 181 180 27 27 27 1
0 184 183 185 27 27 27 1
0 186 185 188 27 27 27 1
0 185 189 187 27 27 27 1
0 188 443 186 27 27 27 1
0 187 190 191 27 27 27 1
0 188 191 193 27 27 27 1
0 191 444 192 27 27 27 1
0 193 443 188 27 27 27 1
0 195 298 192 27 27 27 1
0 198 194 192 27 27 27 1
0 192 444 198 27 27 27 1
0 197 194 198 27 27 27 1
0 198 445 196 27 27 27 1
0 196 445 199 27 27 27 1
0 199 202 446 27 27 27 1
0 446 200 199 27 27 27 1
0 202 201 203 27 27 27 1
0 205 207 204 27 27 27 1
0 204 203 205 27 27 27 1
0 209 368 206 27 27 27 1
0 206 205 208 27 27 27 1
0 211 209 208 27 27 27 1
0 213 211 210 27 27 27 1
0 210 214 212 27 27 27 1
0 216 212 214 27 27 27 1
0 218 216 215 27 27 27 1
0 220 218 217 27 27 27 1
0 222 220 219 27 27 27 1
0 224 222 221 27 27 27 1
0 226 224 223 27 27 27 1
0 228 226 225 27 27 27 1
0 230 228 227 27 27 27 1
0 232 230 229 27 27 27 1
0 234 232 231 27 27 27 1
0 236 212 216 27 27 27 1
0 236 216 218 27 27 27 1
0 236 218 220 27 27 27 1
0 236 220 222 27 27 27 1
0 236 222 224 27 27 27 1
0 236 224 226 27 27 27 1
0 236 226 228 27 27 27 1
0 236 228 230 27 27 27 1
0 236 230 232 27 27 27 1
0 236 232 234 27 27 27 1
0 234 235 236 27 27 27 1
0 236 238 368 27 27 27 1
0 262 237 236 27 27 27 1
0 236 368 209 27 27 27 1
0 236 209 211 27 27 27 1
0 211 213 236 27 27 27 1
0 236 239 262 27 27 27 1
0 241 262 239 27 27 27 1
0 243 241 240 27 27 27 1
0 245 243 242 27 27 27 1
0 247 245 244 27 27 27 1
0 259 246 244 27 27 27 1
0 250 259 244 27 27 27 1
0 244 248 250 27 27 27 1
0 252 259 250 27 27 27 1
0 255 251 250 27 27 27 1
0 253 255 250 27 27 27 1
0 250 249 253 27 27 27 1
0 255 254 256 27 27 27 1
0 251 256 257 27 27 27 1
0 258 259 252 27 27 27 1
0 252 257 258 27 27 27 1
0 246 258 260 27 27 27 1
0 261 262 241 27 27 27 1
0 261 241 243 27 27 27 1
0 261 243 245 27 27 27 1
0 261 245 247 27 27 27 1
0 247 260 261 27 27 27 1
0 237 261 264 27 27 27 1
0 264 238 237 27 27 27 1
0 263 265 267 27 27 27 1
0 267 264 263 27 27 27 1
0 269 266 265 27 27 27 1
0 271 269 268 27 27 27 1
0 272 274 377 27 27 27 1
0 272 377 375 27 27 27 1
0 272 375 374 27 27 27 1
0 272 374 435 27 27 27 1
0 272 435 434 27 27 27 1
0 270 272 434 27 27 27 1
0 270 434 430 27 27 27 1
0 270 430 429 27 27 27 1
0 270 429 433 27 27 27 1
0 271 270 433 27 27 27 1
0 433 432 271 27 27 27 1
0 272 276 385 27 27 27 1
0 272 385 384 27 27 27 1
0 272 384 382 27 27 27 1
0 272 382 381 27 27 27 1
0 272 381 383 27 27 27 1
0 383 273 272 27 27 27 1
0 279 278 390 27 27 27 1
0 378 277 279 27 27 27 1
0 275 279 390 27 27 27 1
0 275 390 387 27 27 27 1
0 275 387 386 27 27 27 1
0 275 386 389 27 27 27 1
0 275 389 388 27 27 27 1
0 275 388 380 27 27 27 1
0 275 380 379 27 27 27 1
0 379 276 275 27 27 27 1
0 395 378 279 27 27 27 1
0 396 395 279 27 27 27 1
0 393 396 279 27 27 27 1
0 394 393 279 27 27 27 1
0 397 394 279 27 27 27 1
0 398 397 279 27 27 27 1
0 391 398 279 27 27 27 1
0 392 391 279 27 27 27 1
0 401 392 279 27 27 27 1
0 402 401 279 27 27 27 1
0 279 403 402 27 27 27 1
0 280 282 372 27 27 27 1
0 280 372 405 27 27 27 1
0 280 405 404 27 27 27 1
0 280 404 400 27 27 27 1
0 280 400 399 27 27 27 1
0 280 399 403 27 27 27 1
0 403 279 280 27 27 27 1
0 284 410 285 27 27 27 1
0 283 285 413 27 27 27 1
0 283 413 412 27 27 27 1
0 283 412 406 27 27 27 1
0 283 406 281 27 27 27 1
0 281 280 283 27 27 27 1
0 287 284 283 27 27 27 1
0 289 287 286 27 27 27 1
0 288 290 292 27 27 27 1
0 292 289 288 27 27 27 1
0 291 290 293 27 27 27 1
0 294 293 295 27 27 27 1
0 193 192 298 27 27 27 1
0 297 298 296 27 27 27 1
0 296 295 297 27 27 27 1
0 297 300 186 27 27 27 1
0 186 300 303 27 27 27 1
0 297 186 443 27 27 27 1
0 186 303 442 27 27 27 1
0 442 184 186 27 27 27 1
0 443 193 297 27 27 27 1
0 300 301 302 27 27 27 1
0 302 304 181 27 27 27 1
0 303 302 181 27 27 27 1
0 181 442 303 27 27 27 1
0 306 182 304 27 27 27 1
0 305 307 178 27 27 27 1
0 178 306 305 27 27 27 1
0 309 179 307 27 27 27 1
0 308 311 310 27 27 27 1
0 313 310 311 27 27 27 1
0 315 313 312 27 27 27 1
0 317 315 314 27 27 27 1
0 319 317 316 27 27 27 1
0 321 319 318 27 27 27 1
0 320 322 175 27 27 27 1
0 175 321 320 27 27 27 1
0 323 168 176 27 27 27 1
0 176 322 323 27 27 27 1
0 161 169 325 27 27 27 1
0 330 324 169 27 27 27 1
0 325 162 161 27 27 27 1
0 328 330 169 27 27 27 1
0 328 169 323 27 27 27 1
0 323 326 328 27 27 27 1
0 328 327 329 27 27 27 1
0 330 329 331 27 27 27 1
0 324 331 332 27 27 27 1
0 333 158 325 27 27 27 1
0 158 162 325 27 27 27 1
0 325 332 333 27 27 27 1
0 333 155 157 27 27 27 1
0 440 334 333 27 27 27 1
0 157 159 333 27 27 27 1
0 333 337 440 27 27 27 1
0 336 440 337 27 27 27 1
0 337 338 335 27 27 27 1
0 340 335 338 27 27 27 1
0 342 340 339 27 27 27 1
0 344 342 341 27 27 27 1
0 346 344 343 27 27 27 1
0 348 141 346 27 27 27 1
0 344 346 141 27 27 27 1
0 346 347 348 27 27 27 1
0 342 344 141 27 27 27 1
0 340 342 141 27 27 27 1
0 335 340 141 27 27 27 1
0 141 336 335 27 27 27 1
0 350 439 142 27 27 27 1
0 353 349 142 27 27 27 1
0 353 142 348 27 27 27 1
0 348 351 353 27 27 27 1
0 353 352 354 27 27 27 1
0 349 354 355 27 27 27 1
0 356 127 439 27 27 27 1
0 356 439 350 27 27 27 1
0 350 355 356 27 27 27 1
0 357 358 128 27 27 27 1
0 128 356 357 27 27 27 1
0 125 357 359 27 27 27 1
0 123 126 359 27 27 27 1
0 359 74 124 27 27 27 1
0 360 291 294 27 27 27 1
0 360 294 296 27 27 27 1
0 360 296 195 27 27 27 1
0 296 298 195 27 27 27 1
0 195 371 360 27 27 27 1
0 363 362 420 27 27 27 1
0 407 361 363 27 27 27 1
0 363 420 417 27 27 27 1
0 360 363 417 27 27 27 1
0 360 417 416 27 27 27 1
0 360 416 419 27 27 27 1
0 360 419 418 27 27 27 1
0 360 418 409 27 27 27 1
0 360 409 408 27 27 27 1
0 360 408 415 27 27 27 1
0 360 415 414 27 27 27 1
0 360 414 411 27 27 27 1
0 360 411 410 27 27 27 1
0 360 410 284 27 27 27 1
0 360 284 287 27 27 27 1
0 360 287 289 27 27 27 1
0 289 292 360 27 27 27 1
0 425 407 363 27 27 27 1
0 426 425 363 27 27 27 1
0 423 426 363 27 27 27 1
0 424 423 363 27 27 27 1
0 428 424 363 27 27 27 1
0 363 427 428 27 27 27 1
0 364 366 427 27 27 27 1
0 427 363 364 27 27 27 1
0 367 266 269 27 27 27 1
0 367 269 271 27 27 27 1
0 367 271 432 27 27 27 1
0 367 432 431 27 27 27 1
0 367 431 422 27 27 27 1
0 367 422 421 27 27 27 1
0 367 421 365 27 27 27 1
0 365 364 367 27 27 27 1
0 368 238 264 27 27 27 1
0 206 264 367 27 27 27 1
0 264 267 367 27 27 27 1
0 207 206 367 27 27 27 1
0 367 369 207 27 27 27 1
0 204 207 369 27 27 27 1
0 202 369 447 27 27 27 1
0 447 446 202 27 27 27 1
0 447 370 200 27 27 27 1
0 370 197 196 27 27 27 1
0 200 446 447 27 27 27 1
0 370 371 194 27 27 27 1
0 194 197 370 27 27 27 1
0 373 376 372 27 27 27 1
0 375 376 373 27 27 27 1
0 273 383 376 27 27 27 1
0 376 385 276 27 27 27 1
0 376 402 403 27 27 27 1
0 373 282 281 27 27 27 1
0 411 373 285 27 27 27 1
0 373 428 427 27 27 27 1
0 373 366 365 27 27 27 1
0 433 373 431 27 27 27 1
0 448 449 450 32 33 34 1
0 448 450 451 32 34 34 1
0 451 450 452 34 34 35 1
0 451 452 453 34 35 35 1
0 453 452 454 35 35 36 1
0 453 454 455 35 36 36 1
0 455 454 456 36 36 37 1
0 455 456 457 36 37 37 1
0 457 456 458 37 37 38 1
0 457 458 459 37 38 38 1
0 459 458 460 38 38 39 1
0 459 460 461 38 39 39 1
0 461 460 462 39 39 40 1
0 461 462 463 39 40 40 1
0 463 462 464 40 40 41 1
0 463 464 465 40 41 41 1
0 465 464 466 41 41 42 1
0 465 466 467 41 42 42 1
0 467 466 468 42 42 43 1
0 467 468 469 42 43 43 1
0 469 468 1 43 43 44 1
0 469 1 0 43 44 44 1
0 5 4 470 45 45 46 1
0 5 470 471 45 46 46 1
0 471 470 472 46 46 47 1
0 471 472 473 46 47 47 1
0 473 472 474 48 49 50 1
0 473 474 475 48 50 51 1
0 475 474 7 51 50 3 1
0 475 7 6 51 3 3 1
0 13 12 476 52 52 53 1
0 13 476 477 52 53 53 1
0 477 476 478 53 53 54 1
0 477 478 479 53 54 54 1
0 479 478 480 54 54 55 1
0 479 480 481 54 55 55 1
0 481 480 482 55 55 56 1
0 481 482 483 55 56 56 1
0 483 482 484 56 56 57 1
0 483 484 485 56 57 57 1
0 485 484 486 57 57 58 1
0 485 486 487 57 58 58 1
0 487 486 488 58 58 59 1
0 487 488 489 58 59 59 1
0 489 488 490 59 59 60 1
0 489 490 491 59 60 60 1
0 491 490 492 60 60 61 1
0 491 492 493 60 61 62 1
0 493 492 494 63 63 64 1
0 493 494 495 63 64 64 1
0 495 494 496 64 64 65 1
0 495 496 497 64 65 65 1
0 497 496 498 65 65 66 1
0 497 498 499 65 66 66 1
0 499 498 500 66 66 67 1
0 499 500 501 66 67 67 1
0 501 500 502 67 67 68 1
0 501 502 503 67 68 68 1
0 503 502 504 68 68 69 1
0 503 504 505 68 69 69 1
0 505 504 506 69 69 70 1
0 505 506 507 69 70 70 1
0 507 506 508 70 70 71 1
0 507 508 509 70 71 71 1
0 509 508 510 71 71 72 1
0 509 510 511 71 72 72 1
0 511 510 512 72 72 73 1
0 511 512 513 72 73 73 1
0 513 512 514 73 73 74 1
0 513 514 515 73 74 74 1
0 515 514 516 74 74 75 1
0 515 516 517 74 75 75 1
0 517 516 518 75 75 76 1
0 517 518 519 75 76 77 1
0 519 518 520 78 79 80 1
0 519 520 521 78 80 80 1
0 521 520 522 80 80 81 1
0 521 522 523 80 81 81 1
0 523 522 524 81 81 82 1
0 523 524 525 81 82 83 1
0 525 524 526 83 82 84 1
0 525 526 527 83 84 84 1
0 527 526 528 84 84 85 1
0 527 528 529 84 85 85 1
0 529 528 530 85 85 86 1
0 529 530 531 85 86 86 1
0 531 530 532 86 86 87 1
0 531 532 533 86 87 87 1
0 533 532 534 87 87 88 1
0 533 534 535 87 88 88 1
0 535 534 536 88 88 89 1
0 535 536 537 88 89 89 1
0 537 536 538 89 89 90 1
0 537 538 539 89 90 90 1
0 539 538 540 90 90 91 1
0 539 540 541 90 91 91 1
0 541 540 542 91 91 92 1
0 541 542 543 91 92 93 1
0 543 542 15 93 92 94 1
0 543 15 14 93 94 94 1
0 21 20 544 95 95 96 1
0 21 544 545 95 96 96 1
0 545 544 23 96 96 97 1
0 545 23 22 96 97 97 1
0 41 40 546 98 98 99 1
0 41 546 547 98 99 99 1
0 547 546 548 99 99 100 1
0 547 548 549 99 100 100 1
0 549 548 550 100 100 101 1
0 549 550 551 100 101 101 1
0 551 550 552 101 101 102 1
0 551 552 553 101 102 102 1
0 553 552 554 102 102 103 1
0 553 554 555 102 103 103 1
0 555 554 556 103 103 104 1
0 555 556 557 103 104 104 1
0 557 556 558 104 104 105 1
0 557 558 559 104 105 105 1
0 559 558 560 105 105 106 1
0 559 560 561 105 106 106 1
0 561 560 562 106 106 107 1
0 561 562 563 106 107 107 1
0 563 562 564 107 107 108 1
0 563 564 565 107 108 108 1
0 565 564 566 108 108 109 1
0 565 566 567 108 109 109 1
0 567 566 568 109 109 110 1
0 567 568 569 109 110 110 1
0 569 568 570 110 110 111 1
0 569 570 571 110 111 112 1
0 571 570 572 112 111 113 1
0 571 572 573 112 113 113 1
0 573 572 574 113 113 114 1
0 573 574 575 113 114 114 1
0 575 574 576 114 114 115 1
0 575 576 577 114 115 116 1
0 577 576 43 116 115 117 1
0 577 43 42 116 117 117 1
0 45 44 578 118 118 119 1
0 45 578 579 118 119 120 1
0 579 578 580 120 119 121 1
0 579 580 581 120 121 121 1
0 581 580 582 121 121 122 1
0 581 582 583 121 122 122 1
0 583 582 584 122 122 123 1
0 583 584 585 122 123 124 1
0 585 584 586 124 123 125 1
0 585 586 587 124 125 125 1
0 587 586 588 125 125 126 1
0 587 588 589 125 126 126 1
0 589 588 590 126 126 127 1
0 589 590 591 126 127 127 1
0 591 590 592 127 127 128 1
0 591 592 593 127 128 129 1
0 593 592 594 129 128 130 1
0 593 594 595 129 130 130 1
0 595 594 596 130 130 131 1
0 595 596 597 130 131 131 1
0 597 596 598 131 131 132 1
0 597 598 599 131 132 132 1
0 599 598 600 132 132 133 1
0 599 600 601 132 133 133 1
0 601 600 602 133 133 134 1
0 601 602 603 133 134 134 1
0 603 602 604 134 134 135 1
0 603 604 605 134 135 135 1
0 605 604 606 135 135 136 1
0 605 606 607 135 136 136 1
0 607 606 608 136 136 137 1
0 607 608 609 136 137 137 1
0 609 608 610 137 137 138 1
0 609 610 611 137 138 138 1
0 611 610 47 138 138 139 1
0 611 47 46 138 139 140 1
0 49 48 612 141 141 142 1
0 49 612 613 141 142 142 1
0 613 612 614 142 142 143 1
0 613 614 615 142 143 143 1
0 615 614 616 143 143 144 1
0 615 616 617 143 144 144 1
0 617 616 618 144 144 145 1
0 617 618 619 144 145 145 1
0 619 618 620 145 145 146 1
0 619 620 621 145 146 146 1
0 621 620 622 146 146 147 1
0 621 622 623 146 147 147 1
0 623 622 624 147 147 148 1
0 623 624 625 147 148 149 1
0 625 624 626 149 148 150 1
0 625 626 627 149 150 150 1
0 627 626 51 150 150 151 1
0 627 51 50 150 151 151 1
0 53 52 55 152 152 16 1
0 53 55 54 152 16 16 1
0 57 56 628 16 16 153 1
0 57 628 629 16 153 153 1
0 629 628 630 153 153 154 1
0 629 630 631 153 154 154 1
0 631 630 632 154 154 155 1
0 631 632 633 154 155 155 1
0 633 632 634 155 155 156 1
0 633 634 635 155 156 156 1
0 635 634 636 156 156 157 1
0 635 636 637 156 157 157 1
0 637 636 638 157 157 158 1
0 637 638 639 157 158 159 1
0 639 638 640 159 158 160 1
0 639 640 641 159 160 160 1
0 641 640 642 160 160 161 1
0 641 642 643 160 161 161 1
0 643 642 644 161 161 162 1
0 643 644 645 161 162 162 1
0 645 644 646 162 162 163 1
0 645 646 647 162 163 164 1
0 647 646 648 164 163 165 1
0 647 648 649 164 165 166 1
0 649 648 650 166 165 167 1
0 649 650 651 166 167 168 1
0 651 650 652 169 170 171 1
0 651 652 653 169 171 171 1
0 653 652 654 171 171 35 1
0 653 654 655 171 35 35 1
0 655 654 656 35 35 172 1
0 655 656 657 35 172 172 1
0 657 656 658 172 172 173 1
0 657 658 659 172 173 173 1
0 659 658 660 173 173 174 1
0 659 660 661 173 174 174 1
0 661 660 662 174 174 175 1
0 661 662 663 174 175 175 1
0 663 662 664 175 175 176 1
0 663 664 665 175 176 176 1
0 665 664 666 176 176 177 1
0 665 666 667 176 177 177 1
0 667 666 668 177 177 178 1
0 667 668 669 177 178 178 1
0 669 668 670 178 178 179 1
0 669 670 671 178 179 179 1
0 671 670 672 179 179 180 1
0 671 672 673 179 180 180 1
0 673 672 674 180 180 181 1
0 673 674 675 180 181 181 1
0 675 674 676 181 181 182 1
0 675 676 677 181 182 183 1
0 677 676 678 183 182 184 1
0 677 678 679 183 184 184 1
0 67 66 680 185 185 186 1
0 67 680 681 185 186 186 1
0 681 680 69 186 186 187 1
0 681 69 68 186 187 188 1
0 682 683 684 189 190 8 1
0 682 684 685 189 8 8 1
0 685 684 686 8 8 8 1
0 685 686 687 8 8 8 1
0 687 686 688 8 8 8 1
0 687 688 689 8 8 8 1
0 689 688 690 8 8 8 1
0 689 690 691 8 8 8 1
0 691 690 692 8 8 4 1
0 691 692 693 8 4 8 1
0 693 692 694 8 4 4 1
0 693 694 695 8 4 4 1
0 695 694 696 4 4 4 1
0 695 696 697 4 4 4 1
0 697 696 698 4 4 4 1
0 697 698 699 4 4 4 1
0 699 698 700 4 4 4 1
0 699 700 701 4 4 4 1
0 701 700 702 4 4 191 1
0 701 702 703 4 191 192 1
0 703 702 683 192 191 190 1
0 703 683 682 192 190 189 1
